1.4403 5.2332 3
9.0486 8.8829 1
3.3070 7.7322 3
3.4568 -6.4803 0
6.8246 9.8080 1
1.8477 5.2310 3
7.4738 8.4395 1
9.4165 -0.5759 2
5.5157 -5.9796 0
5.3543 -4.4486 0
2.7275 6.0926 3
9.5608 -2.2434 2
10.1685 0.8521 2
5.9261 10.0017 1
1.3444 3.0322 3
8.2814 -1.7217 2
6.7477 -6.1699 0
3.4711 5.3901 3
3.0275 5.6400 3
10.8379 0.0796 2
5.5333 12.3439 1
5.3583 -3.6071 0
7.2882 10.3869 1
6.1411 -6.2274 0
7.3958 9.6132 1
10.0876 -0.4305 2
10.4224 -1.4904 2
2.5779 5.8347 3
2.3341 5.0613 3
5.6185 -4.8522 0
6.6365 -2.2829 0
8.3271 -0.8268 2
6.5816 9.1668 1
5.3148 -5.1955 0
3.3669 -4.5272 0
2.9520 4.2991 3
10.1978 -0.3227 2
9.9378 -1.0829 2
9.4620 -0.3737 2
6.3997 9.3393 1
6.8744 9.7611 1
5.8728 9.7284 1
5.9732 -5.8225 0
9.3778 -2.0687 2
2.1202 5.2839 3
3.4161 5.9317 3
5.9531 9.0908 1
7.3931 -6.5057 0
6.1916 10.2515 1
1.8467 6.3763 3
11.4453 -2.2118 2
8.9342 -0.2941 2
2.5850 6.1360 3
6.0014 -6.0897 0
5.4334 -4.1779 0
11.4678 -0.0100 2
8.0548 9.4311 1
6.6095 -5.1738 0
5.4299 -5.2255 0
3.1145 5.2314 3
6.8492 -5.3296 0
6.2807 -6.4118 0
8.9969 -1.6839 2
10.8868 -1.3478 2
4.4907 8.8303 1
6.2518 9.3477 1
2.6883 4.0339 3
1.3030 6.2222 3
5.8489 9.6895 1
4.8637 11.5249 1
9.3297 -1.6374 2
10.5645 -1.4307 2
7.3033 -4.7480 0
8.8757 -1.4589 2
9.1733 0.9101 2
7.4547 10.2024 1
9.2166 -0.1806 2
9.5807 -2.2365 2
5.0915 9.3000 1
6.6490 -5.0696 0
5.8727 -5.7606 0
6.2501 8.5929 1
7.1423 8.3111 1
1.7846 5.2704 3
6.1792 9.5613 1
1.9298 6.4298 3
7.5497 10.6466 1
2.4178 7.4131 3
6.8141 9.4039 1
6.7737 8.9065 1
1.7685 6.7706 3
4.6547 -5.6611 0
4.3707 5.4364 3
9.7712 0.2673 2
1.7865 4.7599 3
1.6752 6.4913 3
3.7667 4.8830 3
11.0320 -1.2382 2
6.6972 9.2529 1
7.2047 8.5422 1
6.3314 8.9014 1
8.9484 -0.6341 2
9.1206 -1.2381 2
5.0886 9.2340 1
6.1517 9.1355 1
1.7046 6.0883 3
1.9635 4.0225 3
1.3563 3.6133 3
8.2986 8.0324 1
9.5692 -0.9041 2
4.9762 -6.0908 0
4.1023 -5.4462 0
3.8860 -6.1227 0
6.9738 -0.4031 2
7.3603 10.1378 1
2.1807 7.5377 3
8.4428 1.8047 2
6.9143 8.4068 1
3.9236 6.2615 3
6.2051 -6.4532 0
2.7419 5.7315 3
3.0040 4.6157 3
5.2946 -3.8735 0
5.4866 10.6873 1
3.5766 -3.0105 0
9.2924 -1.0949 2
4.8196 -5.9227 0
-0.4349 5.4544 3
1.9125 6.8456 3
5.0294 -5.0925 0
6.6613 -4.3366 0
2.4016 5.8100 3
2.6468 7.0484 3
9.1334 -1.7099 2
4.3974 -5.9701 0
6.8711 8.0854 1
5.1203 -4.8292 0
1.9481 6.4986 3
1.5774 7.0626 3
5.0457 -5.9354 0
2.3640 6.7409 3
6.2304 8.3403 1
5.1940 -5.7345 0
5.8351 9.3897 1
6.0804 8.7437 1
10.8309 1.2308 2
6.3009 10.6432 1
3.2271 -5.6650 0
9.2784 -1.5504 2
5.1367 -6.7439 0
3.7039 -5.4327 0
3.1533 7.6814 3
2.3554 5.1811 3
2.1695 6.4083 3
6.0717 -2.8642 0
2.7912 5.8336 3
3.3908 6.2171 3
5.0280 -5.0798 0
0.5587 3.9205 3
1.4670 5.6339 3
7.3370 -3.9966 0
1.1278 5.7212 3
6.5699 8.0085 1
6.3213 7.5796 1
7.2819 8.4913 1
9.2828 0.1982 2
5.7307 -6.1355 0
8.0039 0.3205 2
6.1623 8.8117 1
9.0664 -0.5094 2
10.0690 -1.8982 2
9.1886 -1.4750 2
1.3616 6.8385 3
2.7067 7.6998 3
6.0794 -6.5261 0
6.0314 7.8573 1
10.0147 1.0143 2
5.4983 8.6714 1
8.9466 -1.7286 2
9.0332 -0.7275 2
0.6551 5.1325 3
9.5125 -1.9021 2
2.5078 6.0657 3
1.7532 6.8387 3
5.4023 -6.4860 0
7.2375 -5.8637 0
3.2781 5.9474 3
4.7685 -5.2142 0
0.9405 5.9302 3
8.0876 -4.6255 0
1.6246 4.8009 3
1.6735 4.4078 3
10.8379 -0.5413 2
0.9127 4.4898 3
0.8764 6.2179 3
9.6695 -1.0373 2
11.1321 -0.6723 2
4.8071 -4.5300 0
6.7867 9.8744 1
5.3624 -4.7653 0
1.0151 6.9751 3
10.0240 8.5843 1
10.1081 0.5131 2
5.0028 -4.3643 0
3.9624 4.0015 3
5.0513 8.4363 1
9.2573 -0.8379 2
5.7178 -5.9850 0
8.1461 -4.8744 0
7.6973 -2.1315 2
7.7134 9.3466 1
7.0276 8.8430 1
5.3854 10.5285 1
8.4088 -2.1602 2
10.1180 -0.5907 2
2.6988 5.2638 3
6.1018 9.7719 1
7.6036 10.9788 1
5.0385 -4.2566 0
6.7685 8.6723 1
9.9071 -0.1744 2
8.5086 -0.5276 2
6.8144 9.3678 1
6.9135 -5.8647 0
3.3950 6.8341 3
7.1389 9.1594 1
3.8283 6.7538 3
7.7200 0.7408 2
6.0364 10.3214 1
4.9544 -5.0166 0
5.7791 -6.7803 0
6.8526 10.5475 1
8.6560 -1.0557 2
6.7358 -5.7818 0
5.5069 8.9746 1
0.6537 5.1861 3
8.2405 8.8174 1
4.9094 -6.4194 0
8.1929 -2.4579 2
9.1617 0.1913 2
2.7900 4.9158 3
5.0942 -3.0849 0
6.2571 9.3774 1
6.1797 -5.1015 0
2.2705 6.2915 3
5.7923 10.6586 1
4.8125 -6.0628 0
6.7792 -3.9048 0
3.9617 -6.5147 0
2.1383 4.4934 3
9.3908 -1.8049 2
9.6761 -1.5865 2
8.8020 -2.2757 2
11.0438 -1.6157 2
6.5364 9.6984 1
9.2232 -1.3120 2
2.6229 5.0647 3
5.8235 -5.2745 0
2.3037 5.6891 3
0.6729 6.4184 3
2.6819 6.4344 3
2.3307 6.9489 3
2.9476 5.5092 3
7.6747 9.2286 1
6.7912 -4.9278 0
6.6123 8.8748 1
8.9728 -0.5977 2
6.9768 8.9884 1
4.9107 -6.4599 0
5.4018 -4.5445 0
5.6092 -4.8301 0
6.4225 10.2000 1
6.2980 9.3249 1
9.9261 1.3797 2
3.1617 5.4029 3
5.0985 -4.8117 0
8.9151 -0.7320 2
6.3830 -6.2042 0
0.7417 6.5838 3
5.7826 -4.0913 0
7.5575 0.6089 2
0.6407 6.7547 3
5.8821 9.0501 1
7.0081 -5.3296 0
7.9963 9.2679 1
4.7685 -5.2985 0
6.0787 -5.4430 0
1.7343 5.4359 3
7.1978 8.1099 1
6.0424 9.4789 1
8.5381 0.0015 2
8.6071 1.1816 2
6.1803 8.1862 1
5.5229 8.4041 1
5.5582 -6.4679 0
6.1040 11.0213 1
2.7944 5.6276 3
9.9084 -2.5432 2
2.5269 6.1042 3
9.5700 -0.8485 2
6.4584 9.5588 1
5.8831 9.4260 1
3.0663 5.1066 3
4.9753 -4.8165 0
8.5830 -4.3778 0
9.1047 -1.9393 2
7.0038 -4.6920 0
6.1992 -5.1485 0
9.7133 9.4313 1
5.1577 -4.2653 0
0.9041 5.7116 3
10.0364 -2.7410 2
8.7064 11.1521 1
8.5902 -2.1783 2
7.7705 8.5860 1
3.4232 5.4313 3
2.0255 5.0197 3
2.4516 5.4159 3
4.8593 -3.1573 0
7.2874 9.8424 1
4.4598 -3.2663 0
0.8366 6.5438 3
9.5020 0.8842 2
5.2222 -6.3862 0
9.5819 -1.2709 2
6.1367 9.7568 1
5.9831 -4.0916 0
9.8197 -0.1954 2
6.6325 8.8514 1
6.6189 -4.4039 0
3.0896 6.4436 3
1.6396 5.2672 3
6.6454 7.7346 1
5.3575 -5.5141 0
6.1351 -5.5862 0
6.7673 -5.9221 0
6.6735 -6.2715 0
6.5470 -5.8930 0
7.3168 -6.3233 0
8.7885 9.3344 1
2.9718 5.7223 3
4.4967 -6.5935 0
2.8389 5.1673 3
2.2365 5.1608 3
7.8024 -1.0397 2
2.3436 -4.7714 0
4.7499 -5.4256 0
4.9964 -4.9558 0
9.8829 0.2167 2
4.4991 -5.4114 0
5.2821 6.7582 1
2.2968 4.1104 3
1.3102 4.7087 3
5.0206 -7.1815 0
5.0637 6.2646 3
8.6744 -2.0805 2
6.5933 8.7986 1
10.7030 -0.3433 2
5.5528 -5.1678 0
6.0887 -5.2480 0
7.9909 -0.0437 2
4.1715 -5.0166 0
6.4454 8.8031 1
6.5187 9.6218 1
6.1551 8.6352 1
3.3106 7.5077 3
3.9045 -4.9737 0
0.3047 7.8424 3
8.7519 -0.3642 2
9.2184 -0.8526 2
9.7413 -0.4271 2
4.9816 -4.6854 0
4.4848 9.1150 1
0.7476 6.0854 3
6.9149 8.8731 1
-0.5748 6.1699 3
1.2511 5.4393 3
2.5542 4.8928 3
4.5452 -5.8389 0
7.8409 9.8036 1
5.8826 -6.5283 0
3.4292 5.1197 3
7.3970 7.4678 1
3.5975 6.6122 3
6.4940 -4.2986 0
10.1398 -1.5631 2
6.2077 10.3152 1
2.1012 4.3030 3
3.9444 10.3668 1
5.0951 -4.0976 0
2.8661 6.0583 3
10.1494 0.7370 2
6.3910 -6.1182 0
10.4918 -1.1751 2
6.4947 10.4282 1
6.8655 9.8135 1
5.6270 -5.4892 0
1.9150 4.8700 3
6.2241 -5.0180 0
2.9225 9.6375 1
6.1991 10.3298 1
5.2337 10.2525 1
5.6574 8.5939 1
10.6264 -0.6204 2
8.6690 -1.0085 2
3.2857 5.1407 3
1.0917 5.2027 3
9.8529 -0.7826 2
5.9685 -5.2951 0
5.1677 -5.1560 0
7.8316 9.1516 1
7.3452 9.8682 1
6.6519 8.8964 1
2.7622 7.3905 3
1.3534 4.1806 3
9.0762 -2.3989 2
9.7443 -0.6054 2
1.9954 6.6236 3
8.3974 8.1645 1
4.1587 6.2124 3
7.2293 10.9745 1
9.1355 -0.5384 2
6.4764 -4.6273 0
1.7669 3.6646 3
5.4508 -6.3282 0
6.9867 9.1722 1
6.4180 8.4717 1
9.8875 -0.0661 2
1.0825 7.2806 3
5.3998 9.6135 1
1.1325 4.5560 3
7.2743 9.6354 1
2.6796 4.5554 3
4.7862 -4.4769 0
1.1258 4.6071 3
4.1212 -3.8291 0
2.0443 4.8311 3
10.9129 -2.0057 2
2.1404 5.3569 3
10.8565 -2.6400 2
9.9734 -0.4559 2
5.0697 8.9409 1
8.8061 2.2978 2
5.6280 -4.6076 0
8.2832 8.3704 1
5.6946 9.3779 1
3.5493 5.5447 3
4.1894 -5.3721 0
8.6359 -1.6145 2
10.7686 -2.2863 2
6.9367 9.1838 1
1.3610 5.6278 3
0.9891 5.4331 3
11.0503 -0.6718 2
4.8081 8.6032 1
8.9171 -1.9109 2
3.8427 8.6172 1
2.9277 6.5882 3
10.2960 -0.0578 2
3.3572 3.8613 3
3.4690 5.7526 3
3.7356 -5.1935 0
9.4211 -0.5420 2
5.1912 9.1025 1
1.0035 3.6849 3
5.2984 9.0457 1
10.4459 -0.4596 2
6.5137 9.3711 1
8.0509 9.8630 1
2.6441 4.8123 3
9.7042 -0.5258 2
11.0009 -0.1338 2
0.9084 4.8094 3
6.7465 8.2403 1
6.0436 -4.8594 0
5.7292 -5.2994 0
8.2453 10.5700 1
1.5106 6.1647 3
11.3176 -0.5025 2
5.3715 8.9359 1
6.4520 -4.7596 0
0.9937 5.9294 3
6.8228 9.4143 1
10.2769 0.4428 2
5.2978 -5.3255 0
7.2434 10.5883 1
8.8147 0.4654 2
10.0267 1.2459 2
11.6980 -0.1749 2
6.8889 7.9673 1
4.9331 -5.7029 0
3.0260 5.0365 3
9.7685 -0.2559 2
0.6552 6.0678 3
6.0672 -4.5852 0
2.6023 6.1941 3
9.8796 -1.0094 2
6.1683 10.2293 1
5.8156 8.9441 1
8.6232 -1.8913 2
6.9808 9.8398 1
6.3088 10.0258 1
3.0995 4.5629 3
6.3331 9.1959 1
3.5159 6.3764 3
3.7347 -4.9492 0
5.4207 -5.9028 0
4.8015 -5.3318 0
5.0075 -4.9571 0
9.4179 -0.8697 2
8.0272 9.7566 1
4.9868 -5.9340 0
7.2665 -6.0160 0
6.6702 -5.8188 0
5.7972 10.4795 1
5.1671 9.3987 1
2.3065 5.2321 3
4.7298 -6.5413 0
6.5274 -5.8798 0
6.0279 -4.1905 0
6.8904 -5.6436 0
5.7786 8.0728 1
4.9926 9.6619 1
5.8428 8.6912 1
1.5158 4.7500 3
6.1533 -4.2795 0
10.8075 0.0307 2
8.1321 -1.4843 2
1.8182 4.3216 3
5.5024 10.3595 1
8.6455 -0.3266 2
3.9816 -4.9372 0
7.3889 -0.7240 2
9.4954 -1.3464 2
0.6030 5.4723 3
6.8173 9.7283 1
5.4588 9.0571 1
5.6706 9.0896 1
6.4651 -4.6414 0
5.7346 -6.3506 0
8.2055 -0.4246 2
9.7704 -0.3500 2
6.5493 -5.6249 0
5.9647 9.1440 1
6.0482 9.8423 1
6.2588 -6.0726 0
2.9115 6.4122 3
8.5324 -0.6032 2
2.8017 5.4256 3
7.6060 11.7197 1
5.9131 7.4406 1
9.2386 -0.5576 2
2.5008 8.0143 3
10.6708 -1.2923 2
11.3954 0.1261 2
7.4762 -6.3783 0
8.2249 -1.6960 2
2.2798 5.1322 3
7.4022 9.3552 1
9.4691 -1.3700 2
7.8989 8.3811 1
1.1511 5.9204 3
4.7309 9.0024 1
5.8144 10.3059 1
6.2626 -6.2316 0
2.5306 4.4956 3
1.3359 5.5836 3
2.7513 5.4377 3
7.4185 8.0476 1
10.1293 -2.5281 2
6.8789 9.8782 1
1.5391 6.4629 3
5.4707 -2.9629 0
6.5416 -5.0132 0
5.7845 -4.8172 0
6.2254 9.4312 1
4.7544 -6.0939 0
5.0812 -4.4988 0
5.8192 8.7596 1
4.4787 9.0935 1
9.8809 -0.5408 2
5.6590 -5.8971 0
6.5514 -6.7599 0
10.0352 -2.2182 2
6.1257 11.2187 1
7.4473 -1.0172 2
6.8149 9.0428 1
9.6160 -0.0954 2
5.7022 -3.8554 0
2.2015 5.6307 3
9.4762 -0.3042 2
8.9574 -1.9927 2
7.7175 -1.4670 2
11.1332 -0.7609 2
2.9445 4.5308 3
9.2137 -1.3531 2
1.4400 7.0076 3
0.9055 6.4370 3
5.5628 -6.7875 0
2.1704 5.3457 3
5.4135 -5.5421 0
6.7838 -4.1356 0
5.5007 -4.7910 0
6.1591 -5.9622 0
1.8037 6.0876 3
2.9732 5.7414 3
9.2800 -0.8017 2
5.4543 -5.0788 0
9.5641 -1.6488 2
2.8350 5.5655 3
5.0202 -5.3203 0
5.3945 10.5836 1
5.9996 -4.7971 0
5.6974 9.2473 1
8.3597 9.0815 1
8.0901 7.9571 1
2.9747 4.0645 3
2.6437 5.2242 3
2.4423 5.4423 3
1.4188 5.1312 3
5.1654 -5.2595 0
7.8728 9.1708 1
5.3482 -6.1669 0
9.2540 -2.0591 2
4.4181 3.9152 3
9.5240 -1.9051 2
1.2982 5.8145 3
3.6299 -6.0066 0
4.5738 -5.2516 0
6.7976 7.6362 1
6.0396 9.6235 1
1.9878 7.0802 3
5.2898 -6.1815 0
5.5681 10.7421 1
11.2475 -1.7581 2
8.4939 -1.3763 2
0.5298 5.6698 3
8.6361 9.3284 1
6.3153 -4.2858 0
1.9947 6.1801 3
4.1909 5.5273 3
5.5636 -3.7290 0
4.5077 -4.5233 0
6.9686 -5.7954 0
4.3156 -5.4825 0
7.6197 10.0703 1
8.4380 -0.2535 2
9.0411 -3.3081 2
7.3264 -5.6083 0
6.2348 9.9281 1
5.6914 -2.4024 0
9.2109 -1.1110 2
4.3334 -5.8142 0
2.1170 5.1288 3
8.6022 0.2640 2
6.7464 7.9352 1
2.9463 5.7781 3
0.7070 5.2482 3
2.2046 6.2360 3
5.9837 -5.2063 0
5.1696 -5.7795 0
9.9217 -0.5604 2
1.1651 5.9474 3
0.7843 5.7863 3
8.3098 -1.9588 2
6.4592 10.5588 1
5.5452 -5.7266 0
2.6671 4.7865 3
2.8944 5.0021 3
1.4832 4.9767 3
8.0119 -2.2963 2
5.0006 -5.4907 0
5.0738 -6.2714 0
4.9852 -4.2920 0
3.3305 -5.6350 0
2.9266 3.1023 3
6.4848 9.5338 1
2.8654 6.0934 3
10.0796 -1.0440 2
2.7734 4.2747 3
4.5311 -6.1466 0
1.6378 7.0624 3
7.0248 9.6795 1
2.3259 6.2330 3
10.8019 -1.3341 2
9.8861 1.8491 2
8.7184 0.4950 2
4.7912 10.6742 1
1.7725 6.1387 3
7.1620 9.0011 1
2.1200 5.4611 3
8.8511 0.0427 2
2.4574 6.4202 3
6.8860 10.5983 1
2.3616 6.5024 3
5.4485 10.3695 1
5.0982 -4.0522 0
5.4065 -5.5289 0
4.0924 5.8098 3
4.9165 -4.8207 0
4.4994 -6.2269 0
6.6533 10.3726 1
2.5226 5.0127 3
5.3516 9.1526 1
6.3963 -4.5465 0
4.3427 -5.2680 0
3.9537 -5.4712 0
2.2910 6.6454 3
5.3591 -5.5755 0
9.3638 -2.4177 2
7.0314 0.5371 2
10.7206 -0.8602 2
9.9889 -2.0009 2
2.3680 5.4624 3
5.7961 -3.9340 0
6.5172 -4.4160 0
7.0834 -6.6515 0
6.6484 9.4984 1
7.7295 9.2033 1
5.4720 9.2156 1
6.0366 9.3181 1
1.2059 5.1607 3
8.1850 -0.4547 2
9.3994 -0.9015 2
9.6048 -1.3432 2
4.6925 -6.1233 0
7.4076 -4.0984 0
6.9391 -5.3598 0
1.7814 6.1959 3
6.2822 9.7877 1
5.6596 10.2996 1
10.5066 -1.1895 2
5.2142 -6.0933 0
4.5848 -3.0058 0
12.0742 -1.3174 2
0.0255 7.1558 3
8.7290 -0.4347 2
9.1737 -0.7221 2
9.3361 0.0097 2
11.1228 -0.3205 2
5.5458 -5.5697 0
5.7849 -4.7024 0
7.5390 -1.0600 2
8.1925 7.7129 1
6.6186 11.6613 1
6.2640 9.2636 1
9.2288 -1.2068 2
1.5046 4.9384 3
1.4382 4.2544 3
6.2395 10.9899 1
6.4438 -4.0107 0
6.2736 7.5332 1
7.4248 7.6545 1
9.5060 -1.8601 2
2.0346 6.8800 3
0.8075 5.2701 3
4.6532 7.8372 1
10.5981 -1.2889 2
10.8526 0.2289 2
6.4333 7.7166 1
4.5275 -6.3156 0
6.9160 9.9438 1
7.5806 -0.1087 2
11.9481 -1.9843 2
10.2924 -1.1793 2
5.4886 10.1887 1
10.4045 -0.3612 2
5.3918 -6.3239 0
8.4946 0.0397 2
5.5668 8.6367 1
5.1512 -3.9084 0
1.7777 6.7253 3
9.6060 -0.9760 2
5.6082 -4.5685 0
6.3563 -4.8552 0
6.4097 -4.9569 0
9.8147 -0.6640 2
4.1428 -4.0444 0
2.1913 4.2661 3
1.8291 4.3637 3
3.5057 6.3576 3
9.6438 0.7485 2
0.6105 3.8858 3
9.4355 -2.7541 2
5.8568 -4.5455 0
10.2002 -0.3711 2
6.2535 8.0200 1
0.4563 5.3673 3
10.6991 1.2120 2
5.5876 -5.9581 0
3.3667 6.1415 3
7.1363 8.2537 1
3.8219 5.8658 3
5.6843 8.9029 1
7.9036 0.4462 2
8.9695 -1.9153 2
2.6042 5.7787 3
7.3566 -1.4246 2
9.2251 -1.8635 2
5.4992 -4.7212 0
7.8584 10.5527 1
7.8140 8.0592 1
2.1171 5.1237 3
5.0554 -5.6446 0
3.7474 -3.6094 0
2.0801 6.0218 3
6.5556 10.5516 1
2.1966 6.0698 3
6.1066 10.1080 1
8.0098 8.8206 1
5.9178 -3.6724 0
4.8386 -4.9614 0
1.8419 4.9444 3
5.1610 -5.8200 0
7.4937 11.1683 1
5.9762 -4.8548 0
9.5845 -2.2101 2
6.3799 11.0129 1
0.4339 6.8042 3
5.0200 9.2425 1
5.6765 10.2130 1
4.8669 -3.4125 0
10.2089 -1.1653 2
11.5713 -0.5298 2
7.4538 9.6422 1
3.2394 5.0029 3
7.5372 -4.5978 0
6.4532 9.5599 1
1.6877 4.6505 3
7.8908 -1.0790 2
10.4044 -1.3747 2
8.6528 -0.8418 2
6.8571 10.2205 1
1.5389 5.5075 3
7.2449 8.0170 1
6.3014 -4.1735 0
1.2482 5.6606 3
7.0826 8.7751 1
2.4352 6.2405 3
7.8192 10.7150 1
0.7584 4.8584 3
7.2774 -6.6757 0
3.5546 4.6903 3
5.1204 8.9372 1
5.2782 -4.7154 0
11.7213 -1.8122 2
2.1907 6.2043 3
7.7343 -4.7696 0
9.3571 -0.1007 2
9.3928 -1.7294 2
6.3125 10.1483 1
5.6341 -6.3256 0
2.4738 5.0905 3
2.3844 6.1421 3
1.9871 4.6705 3
9.9352 -1.6973 2
4.9272 -4.0853 0
6.1740 -4.9922 0
6.2674 -6.1958 0
8.7056 -2.3741 2
6.5308 8.9089 1
6.5994 10.6752 1
5.9394 9.6790 1
7.7344 10.1191 1
2.9847 4.7092 3
4.6141 10.7267 1
5.6849 9.1790 1
7.6217 8.2473 1
1.7585 6.9093 3
8.4880 -1.3752 2
1.5336 5.6626 3
7.0213 6.9387 1
8.3654 -0.0635 2
1.6594 4.0468 3
8.9311 -1.4070 2
5.3539 10.2145 1
5.7868 9.6717 1
6.9754 9.0338 1
5.4939 -5.8341 0
7.0754 7.9915 1
4.7162 -4.4182 0
6.5540 9.6852 1
4.5014 -5.8078 0
3.3472 -5.6523 0
4.4870 -5.3084 0
7.5188 9.4260 1
4.8384 -5.3080 0
9.6896 -1.6214 2
10.7223 -0.4032 2
6.7075 9.9200 1
7.6046 9.0901 1
6.1876 -6.9853 0
5.0321 9.2385 1
9.2597 0.3369 2
5.0100 -6.0266 0
6.7519 9.3136 1
9.6043 9.6012 1
2.1464 4.8195 3
1.9301 6.4774 3
5.8669 -5.1124 0
5.9944 -6.0877 0
10.5661 -0.1223 2
5.4015 10.7533 1
7.1153 -6.8602 0
1.8911 4.4647 3
5.2107 -4.5987 0
5.1256 10.7246 1
6.7192 -2.8937 0
6.8217 9.4218 1
6.6483 -5.2446 0
4.5015 8.5748 1
9.3462 -2.4344 2
5.6698 -6.8818 0
7.2774 8.4904 1
4.6716 -5.9098 0
1.3815 7.4334 3
10.5604 -1.4459 2
6.9903 10.0554 1
9.9791 -0.5146 2
6.2513 10.4270 1
5.9144 -3.8810 0
6.8844 10.9771 1
6.0932 9.7726 1
5.5844 -4.3998 0
7.5305 10.0343 1
5.6581 8.4796 1
8.7626 -1.0692 2
5.3084 -4.6426 0
7.0562 9.1666 1
9.0192 -1.6008 2
1.8248 6.0702 3
5.9556 -4.2086 0
7.6736 -1.0286 2
7.1814 11.3750 1
6.6278 -4.2673 0
10.5108 -1.2399 2
4.3906 5.4668 3
10.6833 -0.6333 2
7.9926 -5.2990 0
7.0803 9.5915 1
6.9629 8.5093 1
2.1872 5.7755 3
2.4868 6.3644 3
2.0207 3.7409 3
4.6427 -5.9953 0
11.4239 -0.9404 2
5.1463 -4.8683 0
7.4391 -7.3293 0
6.9091 8.1571 1
1.2481 7.5045 3
6.1817 10.4056 1
4.8895 10.2003 1
3.4861 6.6155 3
7.7962 -0.6810 2
1.9083 6.2650 3
3.3791 5.9948 3
6.0936 -3.9576 0
8.0548 -0.8129 2
1.4675 7.0327 3
5.7346 -4.9570 0
6.2460 11.3851 1
9.2993 -1.3341 2
9.8690 -1.3708 2
5.2479 -6.4850 0
7.8907 -5.3785 0
8.8481 -2.3622 2
2.9163 3.3902 3
5.5436 -5.1303 0
9.7593 -2.9081 2
9.4626 0.8131 2
5.8597 -4.8513 0
2.6035 4.5415 3
7.9642 -1.0686 2
6.9208 -0.4986 2
6.8103 9.0659 1
5.3928 -4.7997 0
9.5091 -0.7887 2
6.5004 9.9055 1
3.7790 3.9955 3
6.2212 10.6955 1
4.2985 -5.1260 0
2.6604 6.1983 3
2.4989 3.7242 3
5.0226 -6.3013 0
6.5320 10.6548 1
3.5169 4.3148 3
1.4588 4.8174 3
10.6105 -0.3076 2
1.0388 7.5787 3
1.6651 7.2520 3
5.3474 8.9209 1
8.9151 9.8211 1
7.2587 9.9389 1
3.1982 5.8453 3
5.0186 9.2878 1
-0.2171 5.1004 3
5.5538 -5.7078 0
8.5140 -1.8652 2
3.0583 -3.9448 0
2.7471 4.9352 3
7.9052 -0.9188 2
2.3929 6.9499 3
7.8434 -1.0728 2
3.2220 5.9861 3
7.3498 10.4809 1
6.1218 9.8980 1
8.4024 9.2547 1
8.4138 -1.9532 2
1.5136 6.5223 3
9.4251 1.0096 2
5.5952 9.5745 1
10.2781 -0.6750 2
3.6988 -5.3595 0
7.4590 9.9153 1
1.0610 6.7948 3
6.9515 -4.7461 0
7.8736 10.2915 1
9.2187 -2.7408 2
2.6423 6.0213 3
3.6087 -4.4183 0
6.3964 7.8259 1
7.3269 -5.4326 0
8.3930 -1.3586 2
3.6074 5.7624 3
1.9560 5.1055 3
2.6210 -5.4068 0
5.9471 9.4143 1
5.9335 8.6894 1
8.2645 -0.9133 2
5.8404 -2.5613 0
-0.0158 4.1730 3
4.9542 9.5994 1
2.8017 6.3842 3
3.5302 6.0230 3
2.6424 6.6008 3
10.0814 0.2227 2
5.9513 -6.7620 0
7.0191 8.9607 1
4.9526 -4.5973 0
6.0545 -4.3508 0
4.8510 8.3118 1
2.2813 4.4757 3
9.5771 -0.1948 2
6.0517 9.9494 1
6.9456 9.1482 1
4.4312 -6.3505 0
3.9244 7.0194 3
2.7631 5.7142 3
9.2371 -1.0371 2
9.3121 -0.8958 2
9.5400 -0.5025 2
5.8171 8.3426 1
9.9964 0.3596 2
4.0141 6.6899 3
5.4075 -5.1707 0
3.5160 3.2468 3
2.5068 5.0393 3
2.8469 6.5777 3
1.7311 5.7173 3
6.9195 8.2933 1
9.6576 -1.7559 2
5.7341 -6.8791 0
1.0452 5.8402 3
0.8880 5.2970 3
4.9437 -5.4102 0
2.3823 5.8118 3
6.3368 10.9205 1
2.0246 4.8502 3
5.8554 -4.6164 0
4.0844 -5.3955 0
5.4660 -5.6110 0
6.4706 8.3709 1
9.5305 -2.1087 2
4.4572 -4.7651 0
8.6115 -0.8939 2
1.3802 6.6785 3
8.7131 0.3026 2
7.7667 -0.1601 2
8.5932 -2.0043 2
5.2562 10.9729 1
2.9521 5.6711 3
3.9357 4.7662 3
9.5364 -1.3553 2
7.5577 8.9170 1
6.8517 10.5736 1
5.3310 8.4132 1
9.0133 -0.8276 2
1.7116 4.7709 3
1.7190 3.6010 3
2.1656 7.7965 3
4.9181 -5.0494 0
4.1390 10.5406 1
11.0060 -0.3924 2
6.4326 8.8896 1
8.1951 8.4328 1
6.5451 -6.5200 0
7.0585 10.3197 1
6.0452 7.4259 1
8.9730 -0.8443 2
6.0718 8.5090 1
6.3512 -6.8207 0
4.4666 -6.4734 0
2.1342 6.3865 3
5.7806 -5.8463 0
6.4699 8.4688 1
4.4505 6.9681 1
2.8737 5.9461 3
1.5865 3.4398 3
7.1470 -7.0990 0
9.7109 -0.5166 2
5.9304 -6.8929 0
6.8230 9.1289 1
5.3729 -7.3044 0
6.9820 10.3888 1
5.6590 -7.0711 0
7.2501 7.8603 1
9.6152 -0.4858 2
1.1253 4.4443 3
8.0536 -0.4779 2
10.2337 -0.8667 2
5.2630 8.8658 1
8.8453 -1.3699 2
1.0937 7.0102 3
1.9021 5.2672 3
3.0428 5.4924 3
9.5705 -1.2600 2
5.3342 10.2655 1
0.7551 6.4135 3
6.5536 -4.9101 0
6.3147 9.6657 1
6.1544 -4.3211 0
7.2518 6.4547 1
2.7980 5.2231 3
5.0450 -4.4773 0
1.7145 5.5971 3
7.0323 10.0508 1
5.6368 9.8517 1
9.3080 -0.6340 2
9.5020 -2.3883 2
4.8351 10.1707 1
2.8410 6.5583 3
3.9100 -5.9057 0
3.4894 6.1890 3
3.2594 6.7828 3
2.5747 5.8871 3
0.2036 5.2808 3
9.4259 -0.6107 2
2.8235 5.7787 3
10.3897 -1.3183 2
9.9458 -0.3772 2
3.5762 -5.9838 0
5.5433 -6.0001 0
4.9675 9.4726 1
8.0256 9.6887 1
6.6846 -0.0781 2
11.1411 -1.6607 2
8.5221 0.6064 2
1.9643 5.2912 3
4.6780 -4.8308 0
11.4144 -2.5682 2
6.7782 8.3697 1
5.8347 -6.0259 0
5.1766 9.3019 1
6.4636 11.6013 1
3.4305 5.7448 3
5.5200 -5.1797 0
2.7645 3.4916 3
7.0103 10.5703 1
4.6603 -3.8721 0
5.4625 -3.9089 0
9.4349 0.8568 2
7.1617 1.1762 2
2.6038 6.1823 3
4.8051 -4.7648 0
6.8893 8.8909 1
7.6188 9.4430 1
5.1423 -5.2670 0
8.5237 -1.2531 2
0.6707 5.0822 3
5.4534 10.0599 1
6.4202 10.4645 1
5.9360 -4.6382 0
6.3717 9.6503 1
4.2366 -6.3061 0
3.3094 4.1270 3
10.5847 -2.0615 2
2.2073 5.0864 3
4.9862 9.9108 1
3.3666 6.9679 3
6.6472 9.7125 1
7.8162 9.3541 1
8.8703 -0.8858 2
6.7769 9.2843 1
7.8268 -0.8896 2
3.8773 5.2942 3
9.5604 1.2878 2
5.5489 -5.4087 0
9.6714 1.4020 2
-0.5389 6.1695 3
7.1702 8.8658 1
2.2969 4.1351 3
7.5831 8.2766 1
1.3370 5.2396 3
3.5452 3.7238 3
1.5727 4.4421 3
10.0344 -0.4029 2
2.7698 6.6729 3
7.5364 9.2958 1
7.5942 9.1094 1
8.6090 -2.6497 2
10.3704 0.8826 2
8.6166 0.4674 2
8.3484 -0.1722 2
6.7285 7.9247 1
1.3901 7.5268 3
10.5680 -1.2324 2
8.6147 -1.5496 2
0.8461 5.8534 3
2.2104 5.2466 3
1.9564 7.0222 3
7.3363 -0.6761 2
7.6694 7.4216 1
9.9738 -2.6618 2
10.6702 -1.0437 2
3.9165 5.8657 3
7.9637 -0.4808 2
2.9007 6.8887 3
4.0785 -5.0142 0
1.5211 4.7022 3
5.5445 -4.5775 0
7.4219 7.0624 1
5.0930 9.0135 1
2.0111 8.4936 3
10.5545 -0.4568 2
7.2950 -7.2847 0
4.5281 -5.0434 0
10.0400 -1.7808 2
9.9922 -1.1770 2
5.1903 -4.8203 0
0.7839 5.1228 3
6.8747 8.6599 1
7.6526 -4.4651 0
4.8690 -5.4002 0
10.6015 -0.9099 2
0.0043 4.2637 3
7.0423 8.0084 1
8.7731 -0.2530 2
7.1385 8.9319 1
11.1883 -0.2185 2
9.4150 -2.7508 2
7.6178 10.9116 1
1.8772 5.8076 3
6.6787 -6.6334 0
5.6875 9.7489 1
5.3760 -5.5036 0
5.8795 -7.6213 0
8.2750 0.4380 2
8.7499 -2.2126 2
9.9547 -0.2465 2
2.3980 6.3066 3
6.2396 8.5512 1
7.3963 7.6632 1
2.2734 6.8683 3
6.4829 9.0639 1
1.2471 6.8355 3
0.9679 5.6271 3
11.1157 0.2779 2
1.4054 6.3103 3
9.1735 0.6566 2
1.4446 5.5421 3
6.5645 -4.2761 0
2.1491 6.6316 3
1.7722 7.0047 3
5.3398 -4.9307 0
4.1380 6.7499 3
1.6146 7.4265 3
6.2853 7.7094 1
10.0674 -0.3105 2
5.3228 -6.9657 0
6.5919 9.3426 1
3.1774 6.0364 3
9.4658 -0.7599 2
1.7090 4.4315 3
9.8626 -1.2244 2
9.9135 -2.1420 2
9.9090 -0.8376 2
1.4823 5.8124 3
10.1356 -0.1642 2
9.4773 -1.0629 2
1.6916 4.5572 3
9.3705 -2.1766 2
3.7237 -4.6472 0
2.8662 4.1093 3
6.4529 -3.1492 0
7.6198 -1.2280 2
3.0316 6.0225 3
4.6653 -5.2996 0
8.4154 8.3225 1
5.7484 -5.7617 0
5.7384 -4.7468 0
4.9519 -5.4095 0
7.5954 7.9087 1
2.5691 3.8264 3
6.3744 7.7208 1
7.3540 -2.1353 2
6.4134 -4.1410 0
5.8214 -6.2811 0
10.4651 -1.0077 2
6.6100 7.4613 1
1.1318 6.4939 3
11.3830 -2.0633 2
1.0403 4.8269 3
11.3645 -2.0359 2
9.0540 -1.2966 2
2.9877 5.1646 3
3.1811 5.1076 3
4.1008 -6.4988 0
9.3177 -0.1717 2
4.7210 -3.9888 0
6.5506 9.9312 1
1.2540 5.3019 3
5.1057 -4.4011 0
5.6349 -7.5690 0
9.5185 -2.1397 2
5.7701 -4.9730 0
10.7943 0.3400 2
6.4183 9.5106 1
10.6543 -1.4335 2
5.7067 -5.6383 0
7.0841 5.8068 1
6.8204 10.2519 1
6.2370 8.2673 1
7.0446 -0.8379 2
9.7154 -1.2214 2
3.9044 -5.4487 0
8.7712 9.3024 1
5.8879 -5.0760 0
2.0422 6.2077 3
9.2892 -1.3785 2
9.9188 -1.5739 2
1.1540 4.6559 3
5.4549 -6.0928 0
10.5678 -2.8533 2
4.4863 5.6763 3
8.4121 0.3423 2
1.1830 4.6998 3
5.3694 10.9955 1
4.0443 -5.3695 0
1.8418 5.4202 3
10.8946 0.0795 2
7.8167 9.2732 1
10.5375 0.1220 2
7.5976 10.6321 1
1.7583 7.3235 3
6.2648 10.5892 1
4.6325 -4.9304 0
10.6084 -1.8697 2
5.1341 -5.2777 0
9.3197 0.0413 2
1.0782 5.1553 3
7.4223 8.7785 1
8.5867 -1.1199 2
9.4162 -2.9263 2
1.8919 4.1071 3
7.1980 -5.7826 0
8.2781 -0.8900 2
9.9833 -1.2073 2
5.6125 8.7991 1
9.1076 -1.3736 2
9.7342 -1.7314 2
7.9612 9.0838 1
9.0761 -2.5354 2
7.0572 6.7819 1
9.9352 -0.7402 2
6.7264 8.1143 1
3.9287 -4.0946 0
7.2009 -5.2251 0
1.9243 5.5566 3
7.8209 9.6336 1
1.0089 5.2760 3
2.4604 4.0790 3
6.1472 -5.8259 0
7.0327 -6.2946 0
6.3642 -4.4276 0
3.3608 6.1924 3
7.7289 -1.8120 2
5.8645 -7.0252 0
5.3887 10.5831 1
8.1659 9.0584 1
6.8534 8.3130 1
2.7618 6.5038 3
10.4379 -0.0492 2
3.7616 5.7253 3
9.0385 -1.6394 2
8.2427 -1.4245 2
6.1502 9.9436 1
5.5072 9.2861 1
3.5117 5.6317 3
5.3916 -3.9100 0
3.3992 6.0768 3
6.9947 -2.6180 2
5.4310 9.8142 1
2.8459 6.4971 3
1.5943 7.1066 3
5.9222 -4.6398 0
2.3456 5.8896 3
7.4037 -5.3308 0
7.1736 8.9150 1
6.8147 9.0904 1
8.8161 -0.5284 2
5.3018 -6.0428 0
8.8530 -2.1281 2
5.4430 11.2894 1
8.2520 -1.0889 2
7.3874 8.0861 1
6.2167 -4.9246 0
3.7653 -5.3018 0
10.2862 -2.5185 2
9.6916 1.4148 2
1.1684 6.4634 3
7.6980 8.4952 1
6.5201 -5.1018 0
9.3372 -1.4177 2
7.5077 10.8948 1
11.0219 -3.3547 2
7.6259 10.9199 1
3.7769 -4.0825 0
4.4587 -5.5662 0
5.5936 -3.7999 0
9.1441 -2.0598 2
9.0243 -1.8509 2
9.5742 -0.6833 2
1.7291 6.5176 3
6.1012 9.2465 1
8.3665 -2.3905 2
7.2646 8.8979 1
7.8034 0.5494 2
7.7515 -2.2700 2
9.3880 -0.5910 2
1.6139 5.6746 3
9.5058 -2.4852 2
6.1114 -3.8717 0
9.2164 -0.9789 2
8.0337 0.7510 2
4.1346 5.6167 3
6.0899 8.3501 1
9.8625 -2.0570 2
3.9276 9.8439 1
6.7563 8.2485 1
11.0345 -0.7615 2
4.1247 9.7088 1
4.4448 -6.5880 0
1.9019 4.3322 3
6.8212 9.7893 1
2.1921 5.4722 3
5.3049 11.0265 1
10.0007 -0.6386 2
10.6999 1.3086 2
7.2594 9.0371 1
4.6870 -4.8780 0
7.5205 8.3281 1
8.8230 0.3030 2
6.6549 -5.6959 0
4.6913 -3.8102 0
4.6411 10.4784 1
1.8322 6.2063 3
5.7373 8.5285 1
9.7103 0.2331 2
4.6398 -5.7302 0
5.9547 -6.0138 0
2.7301 4.9719 3
7.4494 8.7450 1
7.2545 -5.0967 0
9.2616 -0.6629 2
6.7792 9.8998 1
5.0384 9.8614 1
10.1116 -1.4070 2
7.2591 -5.9480 0
5.5907 -6.2039 0
6.7475 8.0336 1
6.7553 9.2905 1
4.6253 -5.1245 0
7.0403 -4.9657 0
0.7977 5.6823 3
2.4092 6.5199 3
1.9962 4.5066 3
1.5910 5.4246 3
2.1663 5.1024 3
2.9474 6.9168 3
6.6617 9.5019 1
1.3056 7.7897 3
8.3136 -0.1661 2
8.7040 -2.2304 2
2.4757 5.6824 3
4.7499 10.0068 1
8.8087 0.1042 2
12.3086 -0.0043 2
3.7116 4.8755 3
10.4184 -0.0900 2
5.2304 -5.3606 0
2.6653 5.7338 3
2.0224 5.0362 3
2.6707 5.5641 3
5.7028 9.6223 1
4.9289 -5.4889 0
6.3892 -5.4807 0
6.4101 9.3781 1
9.0797 -0.6147 2
10.6188 -0.6302 2
3.4144 6.0728 3
9.2398 -1.2069 2
7.4493 9.6765 1
0.7004 5.4159 3
6.1947 -5.3547 0
6.8221 8.0468 1
6.6005 -4.1971 0
6.6484 7.9430 1
5.8817 8.1819 1
10.3428 -2.3349 2
6.3376 -6.4028 0
10.5843 -0.4673 2
7.6849 11.3309 1
7.9735 8.0450 1
6.3742 -3.2962 0
4.9652 -5.4279 0
7.2144 8.9763 1
7.2931 9.8438 1
9.5369 -2.3585 2
5.2419 -4.6931 0
6.7319 8.9224 1
7.4892 -0.4962 2
9.5673 -1.7047 2
3.4416 -4.7379 0
6.4691 8.4641 1
7.0062 8.5068 1
5.5740 -4.3864 0
1.5847 4.8400 3
2.2670 5.6912 3
3.1724 5.4524 3
7.3568 8.7754 1
4.6499 -4.5464 0
6.7298 -3.9512 0
11.1438 -0.5594 2
9.4748 -0.7487 2
5.8254 -2.6378 0
2.2465 5.9134 3
7.8842 -1.3142 2
5.3222 -5.3658 0
1.3390 5.8310 3
3.3150 4.8880 3
5.5353 8.3424 1
1.7559 5.5005 3
10.2109 0.3090 2
2.5515 4.7195 3
2.2269 5.4519 3
6.6375 -7.3880 0
7.6866 10.9168 1
6.1081 9.3392 1
5.2392 -5.6791 0
4.4751 9.6603 1
5.8155 -4.7802 0
0.4863 5.3900 3
9.5158 -0.9402 2
2.7185 4.6501 3
6.5439 -4.3583 0
6.7780 10.2813 1
9.4855 -0.7308 2
9.1491 -0.1853 2
6.5581 9.1316 1
0.4921 6.5785 3
6.2176 9.5435 1
2.4021 5.3008 3
6.5380 -4.1996 0
1.8020 4.9603 3
2.0430 6.2526 3
4.4728 5.1713 3
11.2937 -3.4818 2
5.9541 -3.9445 0
2.6106 3.9733 3
5.8220 9.4481 1
11.0145 -1.9554 2
4.8220 -4.6740 0
5.2942 -4.7970 0
6.2104 9.6561 1
9.6850 -0.7475 2
6.9839 8.6969 1
9.2662 -0.6314 2
3.3844 7.7709 3
6.6222 -3.3485 0
2.3422 5.1840 3
6.9341 10.0214 1
6.4589 9.3764 1
2.5948 6.1876 3
10.2630 -2.3667 2
9.3240 -0.8455 2
9.3883 -1.7232 2
5.3965 9.5381 1
2.6828 6.5459 3
10.9789 -1.3746 2
2.1081 6.2760 3
9.5372 -1.2904 2
6.8112 -5.0667 0
2.4702 6.2767 3
13.0547 -1.5623 2
5.6136 8.8873 1
9.1989 -1.1395 2
11.1151 -2.2606 2
6.9798 -4.9054 0
6.5373 10.6620 1
3.1182 6.7548 3
5.8327 11.5200 1
2.2397 6.2264 3
6.8407 -4.9209 0
9.9888 0.2853 2
9.9881 -0.4088 2
4.9197 6.8264 3
1.5057 5.1323 3
6.9438 9.0695 1
9.1896 -1.5397 2
2.0716 6.4977 3
6.9015 -4.9502 0
10.5815 -1.6901 2
6.2918 8.7160 1
8.5075 0.0084 2
7.9715 -1.3295 2
7.5954 10.0149 1
6.0438 -6.0100 0
5.5661 6.7651 1
9.1804 -0.4782 2
9.0238 -0.8153 2
9.5042 -2.3282 2
9.1976 -1.3377 2
5.7083 -4.4319 0
5.3507 -5.4541 0
2.3150 5.7591 3
5.8503 9.5463 1
9.4175 -0.2310 2
2.8768 5.4798 3
5.5356 -5.1415 0
2.4403 4.2351 3
6.2772 10.1575 1
5.7105 -5.0449 0
7.3556 -4.2432 0
6.1223 -5.0495 0
9.9741 -2.3354 2
3.1927 6.6927 3
7.3028 9.6687 1
5.9136 -5.7611 0
6.3112 -4.4425 0
2.6064 3.7569 3
6.5079 9.3506 1
5.1262 -6.9420 0
5.0494 -5.1164 0
7.2253 10.5206 1
3.7852 8.3025 1
5.0672 8.8296 1
9.3910 -2.9158 2
4.4943 -3.2615 0
10.3406 -1.2192 2
5.4088 -5.0113 0
8.7868 -1.7493 2
1.4435 5.1706 3
5.1330 11.2186 1
9.3647 -0.4332 2
7.9807 8.7714 1
9.1350 -1.1757 2
5.9141 -5.6874 0
6.5826 8.7566 1
6.1527 8.3576 1
10.7356 -1.6473 2
0.9855 6.1732 3
6.7414 9.3685 1
9.1354 -0.1306 2
7.1836 8.8806 1
7.1854 8.3181 1
2.1033 4.3251 3
5.5682 11.5093 1
5.5260 9.0302 1
6.7322 -5.5382 0
9.4089 -0.7781 2
7.0323 9.2168 1
8.1878 -2.4744 2
0.3290 6.0004 3
6.7233 9.3223 1
11.8048 0.1447 2
5.9764 -4.8071 0
2.6413 5.2970 3
4.7096 -5.7656 0
9.5888 0.1137 2
5.5417 10.1128 1
6.9692 -6.3068 0
9.4155 -0.0875 2
2.0473 6.0750 3
7.5888 10.8268 1
9.8788 -0.4952 2
0.7220 6.2133 3
7.0457 10.4658 1
7.2268 10.0699 1
0.7310 5.5018 3
1.4004 6.0206 3
1.6641 6.5036 3
5.6877 8.6479 1
6.5726 7.1620 1
6.5898 11.4168 1
10.4260 0.2710 2
10.3018 -0.6990 2
1.7436 7.5894 3
6.5519 -4.0179 0
9.9810 -2.8324 2
7.0383 9.6529 1
8.4821 -1.9489 2
9.5930 -1.3721 2
5.8217 -4.3707 0
7.0542 10.0101 1
10.4625 -1.1288 2
6.0681 8.5162 1
5.0676 10.0978 1
3.8659 -6.0061 0
10.3678 -0.8115 2
8.3302 0.1870 2
4.7011 -4.4672 0
6.3504 8.0982 1
8.5718 -1.6733 2
8.8416 -1.6811 2
3.5588 6.5528 3
4.7321 -2.4668 0
2.2489 5.6830 3
9.2010 0.5391 2
1.7055 6.9208 3
6.4589 9.4635 1
6.3770 -5.1026 0
7.2641 9.3506 1
6.2334 -2.7595 0
5.3118 -6.0583 0
3.6636 6.1247 3
9.7507 -0.6035 2
6.5623 -6.1179 0
0.5910 3.3836 3
4.6300 9.0221 1
9.7169 -1.0007 2
9.1078 -0.5269 2
10.4174 -0.1897 2
2.3526 6.2459 3
3.1740 7.0466 3
9.1085 -1.3773 2
1.3781 5.8495 3
1.8397 5.3429 3
1.3928 7.0352 3
5.9742 12.0463 1
5.7794 8.8085 1
7.2441 8.2411 1
4.5060 -4.9343 0
1.8307 5.9566 3
10.3539 -1.0250 2
6.2382 11.6704 1
4.6699 -5.5206 0
10.4074 -0.4921 2
8.3508 -1.1304 2
4.8664 -6.8361 0
1.5447 6.1601 3
8.2350 -1.3067 2
2.3319 5.2046 3
2.7280 6.0821 3
9.1199 0.7772 2
4.7632 -2.7351 0
3.1632 5.9735 3
2.1398 6.8579 3
9.8258 -0.1765 2
1.5905 5.0582 3
1.0218 6.8007 3
5.9671 9.7894 1
6.4120 -4.8394 0
5.0072 -4.4920 0
6.2346 -6.9994 0
8.0753 1.3921 2
9.6416 0.0344 2
4.8134 -2.9970 0
9.7125 -0.2489 2
2.4692 5.2807 3
2.5099 5.6053 3
0.9873 7.3702 3
8.2740 8.6042 1
3.9935 -5.4819 0
10.8351 -1.0083 2
6.3273 10.5823 1
7.7262 9.3406 1
6.9512 9.5211 1
5.5699 -4.7626 0
2.3570 5.8755 3
8.8837 -0.9475 2
7.0126 10.7215 1
9.2978 -1.0509 2
6.2422 10.6085 1
2.8173 4.8624 3
5.4975 -5.3862 0
4.4705 -5.2493 0
7.2872 7.6798 1
1.6962 6.2239 3
7.2801 9.1678 1
10.5376 -1.6625 2
10.6052 -2.0320 2
5.7617 10.3079 1
0.8779 3.9831 3
4.8380 -6.1998 0
8.4164 -1.1857 2
6.5249 9.3385 1
5.0283 11.2584 1
2.9238 5.5222 3
1.9194 6.1077 3
4.1906 -5.0478 0
2.6985 5.6318 3
8.0476 -0.1360 2
6.1081 -4.7925 0
8.2624 -0.7522 2
1.0367 7.2606 3
5.1147 -5.5345 0
6.8843 10.2170 1
5.6978 -4.3440 0
1.0600 6.5103 3
4.1697 -5.9948 0
5.0868 -5.5410 0
7.4202 8.7283 1
6.0872 -5.5419 0
6.1024 9.0305 1
9.2746 -0.6854 2
8.4188 -0.6666 2
1.7041 4.6613 3
2.3328 4.4435 3
7.8013 8.8350 1
9.3796 0.5320 2
6.1808 9.6239 1
2.2952 2.6871 3
6.3699 -5.3597 0
2.4204 6.1302 3
3.7318 6.1254 3
8.7968 -1.7382 2
0.1863 3.8922 3
7.5905 -5.0415 0
3.6115 4.3610 3
8.3510 1.5202 2
1.7980 5.7333 3
5.5972 9.3447 1
5.7629 11.0603 1
12.4267 0.4200 2
8.7250 -0.8750 2
11.3743 -2.9279 2
6.9230 8.5260 1
2.6787 3.4918 3
4.7876 -4.6030 0
8.7609 -0.1067 2
10.9286 -0.6854 2
4.8806 10.3855 1
5.3542 10.7995 1
2.5641 7.2689 3
11.2251 -1.3827 2
6.7124 -4.8660 0
2.6592 6.2907 3
6.5004 -4.8566 0
10.4221 -0.1226 2
5.8568 9.8044 1
9.5138 -0.9752 2
4.5937 -5.3938 0
9.3798 -0.8030 2
8.7013 -0.4035 2
2.3327 4.8765 3
3.4390 5.1184 3
9.6735 -1.5735 2
7.0305 9.4003 1
6.2961 -4.1377 0
6.2806 9.2948 1
9.4221 -1.0304 2
1.7114 5.5864 3
8.2458 -0.2180 2
8.8837 -1.1454 2
2.2276 3.7316 3
2.4529 5.3052 3
2.9058 5.5146 3
6.2976 -5.9118 0
6.8853 8.3809 1
9.2596 -2.3909 2
6.6441 9.7281 1
5.8383 8.2454 1
3.3289 6.3812 3
7.1995 -5.4769 0
7.4007 -6.9482 0
6.0883 -5.9819 0
8.6467 -0.6216 2
5.8083 10.9061 1
8.4002 -0.1208 2
6.0961 11.0989 1
2.0305 5.0021 3
10.4541 0.0379 2
6.7897 -6.4403 0
4.1207 9.0088 1
10.4185 -1.2123 2
11.4081 -0.3754 2
4.4335 -5.5958 0
3.3551 4.2638 3
7.7490 8.0852 1
4.1672 -5.1494 0
8.5669 -0.9434 2
2.7985 5.5223 3
1.8262 6.9211 3
2.2251 6.0861 3
2.3362 5.6095 3
4.5076 -4.7562 0
6.2099 -5.4739 0
9.9280 -0.4698 2
5.3392 -4.7877 0
9.0724 -2.2011 2
2.3341 5.0588 3
2.8215 6.0247 3
2.7341 5.9701 3
5.5646 9.6666 1
3.9443 -3.8450 0
5.4445 10.2336 1
2.5361 5.0021 3
8.7691 -1.2712 2
7.9528 -0.3316 2
6.2486 9.7842 1
5.3642 -4.1905 0
9.6599 -0.0828 2
9.5105 -0.4156 2
5.6058 10.6538 1
5.0842 -5.7577 0
9.9778 -0.3401 2
9.3892 -0.5841 2
7.3113 9.2734 1
2.9706 5.7617 3
6.3558 -5.3603 0
2.8330 5.3877 3
5.4953 8.8873 1
9.2210 -0.5542 2
6.2105 9.9852 1
6.3629 8.2347 1
5.7492 8.6971 1
3.2381 5.4036 3
5.7425 9.3027 1
6.5405 7.5204 1
10.0302 -2.1822 2
7.2755 8.1913 1
10.9994 -0.3685 2
7.9563 10.3979 1
7.2656 9.6022 1
4.7306 9.5218 1
2.8678 4.5018 3
7.0069 9.6253 1
5.8089 -5.5963 0
7.6451 -0.8307 2
1.2584 5.6599 3
6.8758 -4.6341 0
10.8103 -2.6304 2
5.6161 -3.9118 0
8.2619 7.3074 1
1.4684 5.7778 3
6.5947 10.3541 1
10.5730 -1.2384 2
4.5982 -5.1488 0
7.4971 11.0513 1
9.4425 0.1600 2
2.4886 4.5448 3
6.8657 -6.5040 0
10.4260 -2.3544 2
8.9205 0.2892 2
5.5427 8.7921 1
3.3397 4.6394 3
1.8951 4.8537 3
9.1426 10.2643 1
2.6538 4.9534 3
6.5656 9.4982 1
2.2545 5.5531 3
5.1581 -4.3599 0
5.6929 8.5139 1
10.6915 -1.1639 2
9.4176 0.0896 2
9.5896 -1.6509 2
1.4505 5.2990 3
1.5600 4.9787 3
7.8050 -1.0901 2
11.5422 0.9074 2
4.5406 -4.3018 0
2.2198 5.9527 3
4.5029 -4.2815 0
5.4297 -4.3026 0
9.2997 1.1322 2
9.1605 -0.2828 2
9.9733 -0.6592 2
5.2368 -4.1108 0
0.1789 4.2957 3
7.0761 10.1357 1
10.1901 -0.6386 2
7.3480 9.8441 1
6.6154 8.8660 1
10.7025 -2.0433 2
1.0050 6.4862 3
8.2827 -0.3780 2
11.8797 -1.9257 2
8.7272 -0.9566 2
3.6024 4.2442 3
7.8955 9.1013 1
5.2781 -5.5038 0
7.7142 7.9967 1
6.0229 9.4592 1
5.6097 8.8844 1
6.4458 -6.7882 0
6.9410 8.7933 1
1.3065 6.5567 3
2.9140 5.3714 3
10.9954 -1.7107 2
10.6142 -3.0500 2
7.2351 8.3704 1
2.6729 3.9126 3
9.8051 -3.1743 2
9.2310 -1.8299 2
4.2278 -7.9548 0
6.4684 9.6866 1
2.4355 6.6112 3
6.4969 7.5910 1
0.9450 5.9941 3
1.7603 5.7360 3
4.4232 -5.2803 0
3.9266 -5.5863 0
1.4576 3.6310 3
3.3925 -5.9367 0
7.3899 9.3332 1
6.0696 9.7050 1
3.7585 5.2834 3
3.4050 -5.4487 0
5.3147 8.3292 1
3.6525 -3.7287 0
9.1982 1.2602 2
4.4613 -4.0837 0
7.2258 10.3613 1
3.2149 -6.3380 0
4.9867 -3.7312 0
8.9266 0.1539 2
0.9588 3.2168 3
4.4372 9.7515 1
10.8317 -1.3786 2
9.1582 -0.4331 2
6.3005 -5.2092 0
4.9584 -4.4533 0
8.4662 -0.7715 2
9.5217 -0.6583 2
2.9497 6.7591 3
5.2994 -4.4674 0
9.3147 0.9588 2
1.6178 5.3871 3
9.7481 0.2713 2
3.3180 -4.6658 0
1.6855 5.9164 3
10.8772 -0.1113 2
8.5507 -0.9525 2
10.5961 0.2247 2
4.8846 9.8928 1
1.3237 3.8264 3
9.6390 -1.4519 2
3.5584 -5.2648 0
5.8090 8.9027 1
7.4059 8.5117 1
10.5000 -0.4572 2
2.2446 5.1884 3
4.3313 -4.2115 0
6.8756 9.2556 1
4.8767 9.3417 1
6.0609 9.9509 1
1.0754 5.3635 3
4.4871 -1.8481 0
6.9479 6.9671 1
1.8752 5.9938 3
10.4087 -0.6798 2
7.0431 -2.8027 0
6.0528 -4.2945 0
2.8102 6.1184 3
10.1886 -0.5928 2
6.8405 10.5173 1
3.3370 5.2360 3
6.1560 -4.3958 0
2.0127 6.8872 3
5.7742 -5.7049 0
5.0553 -6.3503 0
3.6818 -3.0576 0
9.1343 -0.9821 2
6.6884 10.1273 1
10.7678 -1.4803 2
2.2020 5.8063 3
8.8192 -1.0521 2
3.3635 4.0266 3
6.0379 -7.0480 0
9.8541 -1.9024 2
9.8757 -0.3874 2
3.6184 3.6346 3
6.7844 9.2758 1
8.2650 -3.0742 2
8.6915 -0.5516 2
8.4065 9.2944 1
7.3158 -5.9819 0
2.7798 -5.2676 0
6.6425 9.0308 1
6.6094 9.4697 1
6.8582 8.4961 1
7.6250 10.3894 1
6.4409 -3.9287 0
5.9384 9.9692 1
8.2224 -2.2667 2
11.7688 -0.6580 2
6.1645 8.1832 1
2.5305 5.3050 3
6.8039 9.5743 1
3.5497 4.7432 3
10.4207 -0.7143 2
8.4912 -0.8085 2
1.1471 4.6076 3
8.6098 -0.3209 2
2.5113 4.7011 3
6.0887 -7.1022 0
4.6621 9.1121 1
10.6857 -0.8894 2
10.6843 -3.3589 2
6.3539 -4.5701 0
6.0315 10.1747 1
4.0070 5.7424 3
1.7686 5.4160 3
1.8021 6.5054 3
5.2906 9.3074 1
7.2280 6.6670 1
7.9809 -2.1743 2
1.7033 4.8356 3
5.0309 -5.7305 0
2.4172 5.2518 3
5.1954 -5.5068 0
5.0301 8.1846 1
5.4983 9.2843 1
6.1169 -5.4925 0
6.2562 10.5533 1
8.0405 -0.6061 2
1.9699 5.6324 3
6.3978 -5.7968 0
4.0344 -4.5797 0
7.0913 -6.0831 0
10.9272 0.0782 2
6.0718 7.0093 1
6.3367 11.2918 1
6.3197 -4.3468 0
9.2218 -1.4344 2
1.9652 5.9116 3
1.3055 5.4112 3
1.5159 3.3884 3
5.2855 9.9713 1
5.1829 -4.6573 0
10.9794 -1.4364 2
9.4524 -1.2058 2
9.1963 -3.5568 2
7.3864 10.4487 1
5.5715 -5.9692 0
2.8522 6.4826 3
7.2017 8.9768 1
5.3253 -5.7675 0
5.3646 -6.2580 0
5.8066 -5.7895 0
7.1390 9.8644 1
5.0150 -5.1950 0
1.5415 4.8316 3
8.1435 8.5793 1
7.6455 9.2278 1
2.7689 5.2635 3
7.0030 11.0584 1
2.1250 6.7641 3
8.4066 -1.5210 2
7.2275 9.8519 1
4.8550 -4.9360 0
1.1844 6.0821 3
3.6213 5.4127 3
2.0935 4.2488 3
2.9416 7.6183 3
6.3923 9.7634 1
4.1146 -4.8099 0
11.9258 -0.2625 2
5.2112 -3.9775 0
5.1774 -4.9450 0
0.9021 5.1464 3
2.8359 4.9653 3
2.9738 5.6009 3
5.0179 -7.9431 0
6.6531 8.1032 1
2.0791 4.0566 3
4.3001 -4.2426 0
9.8194 -1.0773 2
9.5985 -0.1515 2
7.9651 6.8355 1
9.8798 -1.7489 2
6.2192 9.2222 1
6.0860 -6.6195 0
9.7626 -2.1588 2
10.1165 0.4339 2
5.3237 -6.4017 0
5.3377 -5.3844 0
9.2827 -0.3878 2
4.2703 -6.9779 0
12.5233 -0.3581 2
8.3133 0.1474 2
12.3582 -0.9430 2
9.7566 -0.7888 2
1.2301 4.4459 3
5.1921 -4.7377 0
7.9481 -1.7701 2
2.4254 5.3023 3
4.0875 6.1141 3
9.8677 0.4911 2
10.1264 9.7951 1
5.3636 -4.5769 0
8.8937 0.7436 2
1.9491 6.6942 3
6.3146 9.7149 1
4.0644 -4.6424 0
4.9247 -5.1858 0
5.2489 -4.5217 0
5.1452 9.1628 1
0.8435 4.0069 3
0.9752 3.9671 3
3.9382 -5.8369 0
2.3890 5.1873 3
10.3158 -0.3655 2
5.0500 -5.0939 0
2.4690 6.4153 3
3.8960 7.0528 3
10.2275 1.1902 2
9.3466 -1.1163 2
6.7491 -6.7107 0
2.9286 5.1406 3
5.5644 8.5829 1
4.6570 8.5659 1
4.7974 7.0820 1
0.7768 4.7751 3
4.6438 -3.7663 0
7.2336 8.9511 1
3.8665 -7.0300 0
7.5095 10.3087 1
1.9024 5.8267 3
5.4548 9.1140 1
6.5748 9.2492 1
9.2828 -1.3223 2
1.0150 6.3466 3
9.1795 -0.7377 2
8.0807 -0.7442 2
9.0005 -1.5830 2
5.3807 -6.0964 0
2.7137 5.8249 3
10.3275 -1.0004 2
9.2335 -0.8089 2
5.7470 6.7321 1
2.2787 6.0731 3
0.5189 5.9210 3
11.9752 -3.5852 2
6.5533 8.2975 1
6.9349 9.3411 1
9.9974 -0.7465 2
1.8382 4.9485 3
6.0292 -5.3215 0
3.1914 3.8582 3
9.8755 -0.1337 2
5.1069 9.6015 1
5.2715 -6.2490 0
5.9277 -6.9027 0
1.8846 5.6279 3
3.5269 4.7576 3
6.5943 -4.4888 0
5.1469 -3.6280 0
4.2544 -6.6115 0
4.7900 -5.1479 0
10.2895 -1.7421 2
10.8226 0.2500 2
4.7852 -5.8882 0
5.0190 -5.6590 0
3.4321 -5.3321 0
7.1878 7.5349 1
8.0115 -0.1904 2
4.0992 -5.9323 0
4.9569 -5.6446 0
8.0671 8.1800 1
5.7834 -5.4777 0
1.5500 6.1664 3
1.5965 6.2791 3
8.0193 -6.3021 0
6.0848 9.1420 1
8.8464 0.2550 2
8.6570 8.1456 1
4.3120 -4.7220 0
-0.1822 4.8147 3
11.1153 0.7760 2
2.8150 5.6284 3
9.9336 -3.0825 2
1.1587 5.6869 3
4.3516 4.5083 3
7.6661 9.1261 1
4.2282 -3.3993 0
5.8604 8.5506 1
5.1095 10.2898 1
6.7237 10.1778 1
2.8192 6.4672 3
3.1269 6.8608 3
6.3108 -5.4737 0
9.2698 -3.1267 2
10.1365 -0.7637 2
10.1540 -0.2433 2
4.6809 -4.9116 0
10.0431 -2.3940 2
8.7282 -0.4766 2
3.2420 5.9996 3
4.8822 9.8591 1
0.5539 7.6370 3
3.7695 -6.5324 0
5.0300 -3.4968 0
4.6647 -5.4320 0
2.2996 4.7030 3
0.5328 4.8488 3
9.8949 0.0782 2
7.9505 -0.4695 2
6.8202 8.6250 1
8.4107 -0.5874 2
1.6250 5.6493 3
6.9991 -6.9004 0
5.6947 -5.2293 0
5.4003 -6.1606 0
10.3226 -0.9816 2
1.0660 6.3943 3
5.3400 -5.4144 0
5.9182 9.4494 1
3.3985 6.3262 3
10.4732 -1.7069 2
5.9766 9.4454 1
1.8507 6.2672 3
6.3713 -3.6220 0
1.4323 6.7909 3
5.9989 8.6946 1
5.4368 -4.1483 0
5.0304 8.9583 1
2.0834 6.5655 3
9.4367 -2.0864 2
6.1507 8.9990 1
5.9556 -4.5852 0
7.4980 7.8052 1
5.5730 -5.2868 0
6.1294 9.8345 1
0.7467 7.1608 3
6.5503 -5.2991 0
7.5418 8.7574 1
6.7424 9.4518 1
4.5460 10.0300 1
7.2855 -5.4758 0
7.8064 9.2382 1
4.4460 9.0222 1
2.6363 4.9587 3
9.0934 0.9239 2
5.6040 9.0812 1
1.2231 4.8165 3
9.8587 9.3678 1
6.0966 -4.6230 0
10.9629 -0.0574 2
1.2236 6.0880 3
2.7314 6.8107 3
6.2187 -3.2449 0
2.8936 4.4009 3
0.9567 6.2619 3
10.1603 -1.1506 2
5.5987 -4.7161 0
1.8789 6.8939 3
3.5150 4.9352 3
1.7563 5.2123 3
10.4536 -1.3736 2
6.1234 7.5493 1
5.9660 -6.3606 0
1.7660 5.0607 3
8.7619 -2.2796 2
5.4503 -5.1487 0
3.0122 6.7055 3
10.5715 -0.1535 2
9.2452 0.5788 2
5.1139 10.1447 1
6.9813 -4.1716 0
7.4402 9.2984 1
4.9604 -6.5235 0
5.5467 8.0402 1
3.5711 5.7668 3
8.9141 -1.4334 2
3.0654 3.8855 3
6.6110 8.9812 1
6.9154 -5.7718 0
9.2203 9.5221 1
0.7025 5.6661 3
8.7890 -0.8916 2
7.7078 -1.7593 2
5.7390 -5.9002 0
9.2507 -0.5424 2
2.5107 5.9305 3
1.1741 5.3984 3
5.8719 -4.9531 0
5.7683 -6.1016 0
10.7539 -2.9281 2
5.5438 -5.3737 0
0.4337 4.5149 3
9.0059 -2.5349 2
1.6255 5.6865 3
8.4913 -0.0375 2
9.0191 -0.7929 2
6.3089 -4.8433 0
6.4908 10.8450 1
0.9237 6.1606 3
6.1650 10.9724 1
6.1427 9.2713 1
6.2793 -4.6684 0
2.6077 7.8713 3
6.5138 8.9243 1
6.7418 7.5396 1
3.1460 4.5745 3
9.4106 -1.9881 2
5.4297 9.2270 1
1.4914 5.3754 3
6.3757 8.5448 1
10.1689 -4.0040 2
2.8961 6.2482 3
5.6883 9.6007 1
8.6455 8.6136 1
4.8520 4.9788 3
9.3777 0.5745 2
5.9632 9.3431 1
7.2771 -4.1543 0
5.4491 8.3365 1
2.7534 6.1553 3
7.6237 10.0775 1
6.4755 -5.5421 0
9.9741 -0.4488 2
4.0361 -3.9174 0
5.4411 -4.2647 0
7.7085 -1.5851 2
4.7432 -6.0591 0
4.1093 5.7000 3
2.8665 5.7908 3
5.2646 -4.0790 0
6.0322 8.3858 1
5.6142 8.8829 1
6.1401 9.2794 1
4.9212 -3.8901 0
5.0028 -7.2545 0
8.7632 -0.2366 2
6.8890 8.4913 1
10.2218 -2.0468 2
0.1401 4.5373 3
7.8574 8.5843 1
7.4156 9.9906 1
8.8181 1.5040 2
9.3052 -3.2078 2
5.2741 -5.1010 0
9.4892 -0.3209 2
7.4025 8.6179 1
6.1666 -4.1642 0
6.7398 8.1310 1
10.0536 1.5161 2
5.0018 -5.6751 0
8.5417 -3.0556 2
10.4242 -0.0542 2
5.8549 -5.0517 0
2.2309 6.2206 3
7.0897 8.9062 1
6.8975 9.4626 1
6.8446 7.7536 1
2.5571 5.8705 3
3.1526 5.8629 3
4.3012 9.7375 1
4.7199 -3.3407 0
6.7887 11.7231 1
2.4949 5.8607 3
8.4789 -0.6124 2
6.1006 8.4946 1
9.5479 -2.7546 2
6.1870 9.4670 1
6.7414 -6.1059 0
6.4902 -4.8564 0
7.1811 10.8004 1
9.8089 -0.3201 2
3.6003 4.9337 3
2.8469 5.4706 3
10.6883 -1.8572 2
5.7338 -6.0574 0
2.7718 5.5146 3
8.4044 -0.0068 2
6.3167 9.7730 1
-0.1623 3.7503 3
3.9150 -5.5273 0
5.9456 8.5415 1
1.9841 4.0690 3
8.2987 -2.0375 2
3.7593 -7.2951 0
5.0084 -6.3402 0
3.9996 5.4334 3
2.2591 4.5674 3
6.4125 -6.1002 0
9.0131 -2.7213 2
8.6180 0.3672 2
7.1493 10.8434 1
2.2682 5.9067 3
2.4077 5.4186 3
6.5425 10.7173 1
2.4687 7.0525 3
3.8896 -5.4518 0
7.2379 9.4398 1
6.0858 -5.0096 0
4.6418 -4.6023 0
4.7581 -5.9021 0
5.0046 11.2839 1
0.4522 6.6792 3
5.5190 -4.9277 0
7.4961 8.4559 1
10.4340 0.2465 2
10.8630 -1.6454 2
6.1059 8.1441 1
7.9037 8.7241 1
4.9457 -5.1925 0
4.6063 -6.2005 0
4.8744 -3.4950 0
4.2394 6.1055 3
9.5704 -0.7717 2
8.9641 0.3643 2
7.6406 8.8070 1
3.0691 6.6679 3
2.1405 6.6518 3
7.4997 9.5618 1
2.3571 6.0653 3
0.7789 7.0186 3
5.7761 9.0887 1
3.2519 5.6078 3
6.9798 10.2922 1
1.6001 4.0306 3
10.2914 -2.3337 2
8.8615 -2.6623 2
5.4139 -4.7987 0
0.9816 5.9449 3
2.4305 4.5243 3
8.9749 0.0800 2
2.7651 5.0662 3
9.6916 -0.4947 2
6.2695 8.6246 1
1.2024 4.5286 3
5.7489 -5.0496 0
5.0697 8.1282 1
3.6183 7.0603 3
5.9073 -6.1405 0
8.6889 -2.4622 2
2.1470 6.5742 3
5.4919 9.5076 1
4.8271 -5.4361 0
5.9817 -5.4560 0
0.6990 3.8802 3
6.3607 8.9308 1
4.2919 -5.6323 0
1.6420 4.5819 3
3.4718 4.3864 3
3.3548 3.1730 3
2.2910 5.6685 3
6.3907 -4.2187 0
4.5432 8.8357 1
7.6818 9.2780 1
7.6132 -1.2122 2
6.7918 8.6898 1
5.7824 -5.9246 0
0.9747 4.5330 3
6.1603 -5.2759 0
3.5060 3.1978 3
10.3494 -0.5818 2
6.5366 8.6782 1
10.4566 0.2604 2
5.4908 -5.0421 0
6.1557 8.5161 1
9.2391 -0.8777 2
6.7460 -6.1293 0
2.8912 4.4527 3
5.6018 -4.1420 0
10.2982 -1.4301 2
6.7133 7.9951 1
1.8296 6.0134 3
5.8795 -6.0166 0
5.7869 10.5762 1
9.8946 -0.9084 2
7.0372 -4.1310 0
-0.0002 6.3321 3
5.0176 9.3334 1
1.1776 4.7153 3
9.2398 -1.5207 2
2.9291 6.6472 3
5.8319 -5.5282 0
7.2281 10.6006 1
1.8621 4.0972 3
9.0968 -1.2609 2
5.6224 7.5783 1
9.5521 -1.8563 2
8.8237 -0.8094 2
3.8599 5.2024 3
5.5570 -5.1159 0
6.1427 -6.4472 0
8.4983 -0.9350 2
4.0463 -5.5238 0
1.7996 6.0951 3
5.6272 10.8729 1
10.1875 -0.4880 2
5.9196 8.8178 1
3.4518 3.6734 3
8.8722 1.3135 2
1.1842 7.3589 3
5.0010 -3.0643 0
5.5827 8.5806 1
10.7441 -2.2015 2
1.6844 6.2527 3
6.7342 -7.2517 0
2.9494 4.7774 3
3.4942 5.1201 3
8.9459 -0.8973 2
2.3319 7.6116 3
5.3602 -3.6825 0
8.0923 -0.5573 2
11.0406 -2.9766 2
9.8724 -0.2579 2
8.3307 10.6114 1
5.2781 -4.5883 0
5.3131 -4.9545 0
4.6638 -4.3924 0
6.0038 -6.6796 0
8.7513 0.2125 2
5.7678 -6.5587 0
3.3863 5.0184 3
5.0886 -4.8487 0
10.0321 -0.1502 2
5.7680 -6.0054 0
7.2732 10.3285 1
2.7197 4.2479 3
9.6771 -1.9638 2
4.7487 -6.0934 0
5.5863 -2.6821 0
6.4541 -4.3601 0
7.1629 8.8593 1
5.3403 11.8840 1
5.6282 -6.2852 0
7.4219 -1.0789 2
6.8692 -4.9271 0
1.6576 5.9051 3
8.3714 0.1399 2
10.3239 -1.4934 2
1.4231 5.9571 3
7.1191 10.0020 1
4.9146 -4.8617 0
8.7751 -0.1874 2
0.6682 5.4699 3
1.4123 6.1421 3
8.8963 -0.9359 2
11.2859 -1.2929 2
5.0592 9.6412 1
5.6576 -4.8052 0
7.4436 -1.7274 2
4.0835 6.8547 3
3.7849 -4.1241 0
9.1571 -2.0361 2
2.7452 2.7623 3
3.4326 6.4819 3
6.7389 9.4724 1
9.5380 -3.7861 2
7.9255 -0.9240 2
4.4370 -3.7446 0
7.8721 9.6459 1
9.5487 -0.2431 2
4.9902 9.3533 1
2.3525 6.6573 3
5.3470 10.0536 1
6.7531 8.8024 1
6.5234 -4.0305 0
6.0055 8.8595 1
9.1112 -1.7323 2
5.3757 -6.7724 0
5.7625 -6.3009 0
7.1185 7.8427 1
2.7139 6.2127 3
5.0123 -5.6500 0
4.9247 9.2423 1
9.4375 -0.3031 2
8.9543 -1.3155 2
4.2845 -6.3496 0
9.2809 1.1348 2
9.3451 0.2453 2
9.8965 -0.4565 2
6.3764 -3.8073 0
9.5531 -0.7414 2
2.0266 6.4608 3
1.5552 5.1276 3
5.7400 -5.4588 0
1.9418 4.6896 3
5.6435 -5.9405 0
1.7180 5.0682 3
1.4942 6.6130 3
3.0791 5.5988 3
2.1286 5.7508 3
1.6532 6.7653 3
7.7816 -1.6597 2
7.1022 -5.8415 0
5.3154 8.4115 1
10.0508 -2.4010 2
9.5022 -1.8124 2
3.9828 5.0517 3
10.6346 -3.1319 2
8.9753 -1.9817 2
6.5095 8.7522 1
9.1488 -0.9147 2
3.7598 5.2221 3
2.8463 5.6821 3
9.2675 -0.5046 2
2.5283 5.3742 3
6.3443 -4.7688 0
3.7062 5.4757 3
8.9162 -0.6078 2
5.9949 -7.0612 0
9.5472 -1.4034 2
6.1429 9.5986 1
5.3663 8.0520 1
6.0075 -4.3268 0
6.1891 -5.5181 0
11.6464 -2.3841 2
5.4668 -4.9745 0
2.1030 4.6929 3
4.2707 -5.8181 0
1.6897 5.2123 3
7.4360 8.8381 1
2.9086 4.7557 3
0.8768 6.1651 3
5.8502 9.6734 1
7.8336 -4.9215 0
8.7612 -1.5429 2
7.0006 -2.1473 0
8.3571 -0.5492 2
5.2919 -5.8035 0
1.3775 6.6532 3
5.0533 -3.2050 0
8.8070 -0.7094 2
4.0420 -4.8045 0
5.5786 10.1445 1
6.3209 -5.6788 0
10.7995 -1.5725 2
8.2351 8.8310 1
1.7414 6.3545 3
6.4462 -5.6782 0
2.5825 5.9030 3
6.6299 8.0284 1
8.2900 -2.0168 2
6.3200 -5.0414 0
11.9803 0.2876 2
2.2497 7.9368 3
9.3819 0.1224 2
2.1728 5.4121 3
10.2112 -0.8092 2
9.8587 0.5021 2
4.7966 -5.7600 0
5.6485 -5.9820 0
1.5823 4.2267 3
3.6829 5.3762 3
4.1447 6.5476 3
6.5459 7.9097 1
9.7112 -2.1336 2
8.6649 -1.8346 2
4.4905 -4.4877 0
10.5116 -0.2445 2
4.8693 10.1694 1
9.6275 -0.2573 2
2.7329 5.9689 3
8.4634 -0.8984 2
5.7228 -6.7381 0
9.8773 -0.2872 2
5.3190 -3.9480 0
9.6111 0.1740 2
6.0402 9.7524 1
1.2097 5.4880 3
1.1809 4.3353 3
6.9418 11.1630 1
11.5021 -2.3473 2
7.0814 10.9407 1
5.4816 -7.5210 0
2.4636 6.4797 3
9.6554 1.3130 2
7.8856 9.6699 1
9.0152 0.0389 2
5.8941 11.0236 1
7.3169 7.7440 1
1.7533 4.8673 3
4.5605 10.7825 1
1.6012 5.3862 3
8.9419 -2.0915 2
8.0911 8.2790 1
5.8670 -6.1318 0
4.8937 -4.8046 0
11.0546 -0.7867 2
4.7815 7.8692 1
3.3732 6.7698 3
10.4475 2.1130 2
6.0639 10.1482 1
1.0986 5.1541 3
8.2396 9.6322 1
2.6407 4.5863 3
4.7604 -5.8420 0
7.7429 9.3543 1
1.3089 5.8721 3
10.8752 -0.1802 2
9.6278 -1.0345 2
8.2092 8.7896 1
4.2139 -3.6363 0
6.4820 8.8219 1
6.5403 10.4148 1
6.1280 8.2729 1
8.6849 0.7220 2
9.1821 -0.2064 2
7.3846 10.8977 1
6.4434 -6.1085 0
4.4434 -3.5312 0
2.0867 2.7841 3
5.8001 -4.4586 0
5.0495 -5.3317 0
5.5720 10.3628 1
6.9021 8.6253 1
8.8201 0.3634 2
1.5139 3.6372 3
5.0375 -4.6040 0
2.2039 6.9045 3
8.6980 -1.0989 2
3.5410 5.7666 3
9.5109 -0.5878 2
2.8034 4.1403 3
3.0087 5.3636 3
10.4226 0.3771 2
8.0424 -0.3336 2
7.9617 -2.8824 2
2.1324 5.0798 3
11.5294 -2.4198 2
9.0511 -3.0500 2
3.8854 -5.9728 0
8.0826 0.0899 2
2.4836 5.7394 3
5.2436 9.8734 1
4.7814 -4.5170 0
5.6395 -4.1129 0
7.3480 10.1215 1
5.7584 -4.6863 0
7.8505 -0.3565 2
5.7715 -4.7348 0
6.4284 9.0425 1
6.7122 10.2966 1
0.5723 5.5850 3
10.8077 -0.8640 2
8.7909 -1.0871 2
5.9614 -6.2494 0
6.2463 -6.0619 0
1.7602 5.3360 3
4.4258 3.8552 3
10.2151 0.0382 2
4.0520 -4.4995 0
10.1211 1.0174 2
9.4974 -0.3743 2
8.7843 10.8590 1
5.7181 -6.7158 0
1.9995 4.0935 3
6.2828 -6.5494 0
4.4546 -6.6490 0
3.5182 6.5944 3
9.0194 -0.3121 2
10.3895 -1.7329 2
0.3166 5.1256 3
7.8080 7.5857 1
3.4796 6.5434 3
2.2834 7.8189 3
6.8856 9.3879 1
7.3662 9.7967 1
11.5945 0.0226 2
10.7414 -2.1198 2
9.9344 -0.0164 2
5.9184 -3.5771 0
7.9249 -0.1768 2
0.6739 7.9799 3
5.3879 -5.2321 0
5.5221 -4.1965 0
9.5381 -1.4100 2
6.2682 9.3046 1
1.3385 4.1790 3
6.0353 -4.9647 0
7.7483 -2.4064 2
3.3472 6.2230 3
5.9054 -4.4606 0
1.8757 5.1572 3
3.1862 3.6334 3
3.0740 4.8954 3
0.7346 5.4304 3
1.5382 6.8190 3
0.7554 6.1455 3
1.5639 4.3784 3
7.4098 11.4003 1
6.5567 9.8475 1
6.1111 8.7282 1
6.5176 10.2376 1
10.0523 -0.6441 2
1.6540 6.3640 3
3.5653 6.7831 3
6.8635 -3.5781 0
9.9319 -0.0233 2
4.3255 -4.6494 0
11.3658 -2.7755 2
3.0903 5.7170 3
10.0824 -0.0214 2
7.7086 -1.2470 2
7.1115 8.9043 1
4.3566 10.1849 1
11.6149 -1.8410 2
8.8723 -0.6406 2
3.7132 -5.6277 0
4.4659 -4.6977 0
1.9124 5.6255 3
6.1292 -8.6748 0
3.8333 -5.2312 0
6.6542 10.8802 1
5.7807 -4.9373 0
5.6662 -5.7244 0
7.2200 -5.0486 0
8.2252 9.4667 1
6.9794 10.8624 1
5.3692 -4.0541 0
7.3055 9.7127 1
9.7925 0.0105 2
1.9543 5.2396 3
4.9964 -6.2062 0
0.4103 5.4829 3
8.8923 -2.1815 2
6.8463 -5.3236 0
8.8255 -1.3776 2
8.0813 -1.3536 2
9.6244 -1.3607 2
10.5128 0.7574 2
2.2189 6.6821 3
3.2813 6.9298 3
4.9068 8.5671 1
6.9417 -3.1739 0
11.1001 -1.8924 2
2.5769 6.6368 3
8.5142 -1.7605 2
4.9393 -5.4914 0
5.2381 -5.5311 0
6.7906 8.2587 1
8.7815 9.2815 1
0.8331 2.7132 3
8.5205 -0.3527 2
9.5833 -1.2245 2
5.2595 9.1845 1
5.1634 9.9202 1
1.9749 6.1852 3
2.1785 6.1485 3
7.7391 9.3132 1
5.0315 -4.6625 0
4.4706 8.6943 1
5.8073 -4.3084 0
0.1531 7.2694 3
6.8612 8.8026 1
6.1039 9.0909 1
2.2353 5.1331 3
3.8931 5.7260 3
2.5656 6.0166 3
4.6698 10.3957 1
9.7675 -0.5078 2
7.8997 -1.9260 2
1.5572 4.5440 3
5.5447 -7.0831 0
7.8922 8.0311 1
5.9062 -5.4166 0
5.3751 10.5295 1
6.7695 7.8962 1
5.5859 -2.4301 0
7.3273 9.8200 1
7.6165 -0.2746 2
5.9425 9.4595 1
6.2041 8.7920 1
4.2157 -6.9699 0
10.5004 -0.6047 2
5.1169 -4.7013 0
8.5739 -1.5070 2
2.3519 5.3760 3
9.5595 -2.2955 2
9.9787 -0.3191 2
7.5298 7.6383 1
6.2092 9.7707 1
4.9604 -4.3081 0
9.2114 -0.5357 2
8.9549 1.7018 2
2.7298 3.6912 3
6.7871 9.0124 1
2.1937 6.6113 3
10.0167 -1.8163 2
8.6816 -0.3282 2
2.0968 5.5116 3
7.7135 9.2407 1
3.0764 4.6261 3
4.8043 -3.7905 0
1.9897 3.9909 3
6.7270 10.2394 1
5.5284 -6.2082 0
10.3000 -1.3223 2
5.9122 -6.6004 0
8.9377 -1.1011 2
7.1786 -5.1227 0
10.3996 -0.9830 2
8.4131 -0.3723 2
7.2373 8.3283 1
9.7230 -2.4141 2
9.6219 -1.7562 2
7.4477 -0.9602 2
3.5579 7.0666 3
8.8990 -0.4162 2
5.5722 9.2333 1
9.0411 -0.8050 2
2.8296 6.8776 3
5.1129 -4.7382 0
2.8646 7.8033 3
1.6079 5.6185 3
6.0552 -4.3292 0
6.7011 9.2922 1
6.5763 -3.7575 0
2.4748 7.0583 3
4.8781 7.2313 1
2.2106 3.6476 3
5.4656 9.8910 1
5.9225 -7.2022 0
10.6972 -1.2036 2
6.6081 10.7721 1
2.1538 5.8434 3
5.1858 9.0948 1
10.8870 -0.0540 2
5.8546 -6.2019 0
10.2109 -0.1977 2
6.4768 -4.2173 0
5.8864 -4.6309 0
9.0651 -1.2319 2
7.6843 9.5808 1
4.8589 -5.6891 0
6.4564 -6.7585 0
9.2448 -0.6577 2
6.9488 7.4757 1
10.1873 0.5209 2
8.7284 -0.7632 2
6.3363 10.1368 1
5.6564 -6.4727 0
5.7556 -5.4142 0
10.0616 0.6144 2
9.3046 9.2046 1
9.4781 -2.8545 2
3.4496 -6.7772 0
5.9297 10.6623 1
2.4381 4.3330 3
3.5382 5.1661 3
5.6900 -5.0015 0
3.1872 5.0792 3
5.5521 -4.9455 0
1.9698 5.6558 3
9.6050 0.3531 2
1.4236 5.2765 3
10.9337 1.5872 2
3.0542 5.5028 3
9.5560 -1.2959 2
2.6838 6.1278 3
7.8969 10.3300 1
2.1071 6.7215 3
1.9345 6.7657 3
4.8598 -5.1928 0
5.3050 9.3264 1
1.2244 6.4065 3
2.7146 5.4359 3
4.9477 -4.6478 0
4.8761 -5.1386 0
7.4568 0.7548 2
5.8958 8.7478 1
2.4664 7.2004 3
5.4044 -4.9614 0
6.6116 10.8249 1
10.9106 -1.9584 2
4.4512 -5.7052 0
10.0333 -3.1325 2
5.8924 8.7932 1
2.3686 -5.4944 0
9.7917 -0.0964 2
8.1517 -0.3153 2
5.3801 -6.5841 0
3.3532 -6.2731 0
5.4128 -4.0504 0
6.1626 -6.6427 0
4.2827 -3.7869 0
7.3085 7.1557 1
2.8161 6.5655 3
2.7820 5.3939 3
1.7687 4.6940 3
7.6642 -1.4865 2
2.4369 4.7575 3
3.0532 3.5493 3
5.8481 -4.8602 0
8.4845 10.1511 1
1.7165 4.6668 3
9.1847 -2.2234 2
8.5749 -1.6874 2
6.2798 11.2877 1
1.2117 6.1950 3
10.3032 -3.5671 2
5.9115 8.3303 1
5.4032 -6.2711 0
3.1846 3.9833 3
4.9143 -5.2340 0
3.0394 4.8543 3
1.9803 2.8203 3
10.7190 0.4616 2
1.8405 5.1851 3
10.9106 1.9151 2
2.3500 5.1381 3
6.3666 10.0020 1
6.4391 -5.7218 0
5.0517 -6.6045 0
7.2395 -6.2366 0
5.2048 -4.4053 0
9.2484 -0.2065 2
6.5771 -4.1289 0
6.9549 9.1866 1
9.9553 -0.1323 2
7.7696 9.0648 1
5.3732 8.8562 1
3.0729 6.1397 3
6.7532 8.4154 1
5.4922 -6.1780 0
6.7609 10.1342 1
6.6151 10.5388 1
1.4308 6.7194 3
7.3684 9.5612 1
8.2821 0.0233 2
2.4597 6.1461 3
7.9848 8.0276 1
6.6513 9.1269 1
6.0136 -5.3881 0
0.6347 4.5487 3
4.6450 10.9880 1
7.4233 9.7254 1
3.7265 5.6245 3
6.8291 -3.9924 0
7.0841 9.1894 1
6.7263 -4.1001 0
3.1153 6.1115 3
2.5209 7.8816 3
8.3220 -0.9874 2
2.4509 5.3996 3
6.9129 9.2345 1
5.9812 10.4100 1
3.5871 5.8445 3
6.0885 10.5946 1
5.7209 7.3324 1
0.3856 5.6269 3
9.0947 -3.1000 2
10.4050 -0.9142 2
3.8192 5.4175 3
9.0789 -0.0516 2
10.1802 -2.1732 2
6.7955 10.1411 1
9.0662 1.1102 2
7.3936 8.2367 1
9.9358 1.7592 2
10.4175 0.2486 2
5.8559 9.9478 1
8.3175 -2.0065 2
5.2329 9.2785 1
6.6201 8.8975 1
9.6932 -1.3301 2
1.8739 7.1554 3
2.9187 5.7340 3
7.6314 8.5089 1
5.3850 8.3545 1
6.3195 11.0408 1
9.3235 -2.7792 2
-0.5166 6.0552 3
1.4892 7.5416 3
1.2473 5.6718 3
7.8194 -0.8784 2
7.7908 -0.1073 2
6.4213 -5.7701 0
1.0844 3.9870 3
10.9680 -1.0314 2
5.0201 9.6071 1
5.9581 -6.2050 0
7.3811 9.1528 1
2.6910 5.7959 3
10.3428 -3.2237 2
1.7359 4.6011 3
6.9484 11.3874 1
9.3277 -2.9680 2
7.2822 -6.1034 0
7.7977 -2.7109 2
2.8499 4.3384 3
3.9605 5.8579 3
3.1600 4.9831 3
6.1890 8.3921 1
1.5339 6.6959 3
5.4897 -4.5105 0
0.7595 5.4460 3
1.7370 6.3589 3
5.4902 -5.7651 0
2.3761 7.7898 3
2.3650 5.7123 3
6.6953 8.0531 1
3.9284 4.5590 3
10.6781 0.8471 2
4.6149 -5.6685 0
5.8612 -6.3188 0
1.8200 7.1996 3
6.4164 -4.7259 0
10.1693 0.7282 2
7.8003 -0.3117 2
8.1439 -1.9866 2
6.1238 -5.8384 0
1.8406 5.7372 3
9.2179 -1.5230 2
9.8351 -0.5317 2
8.9687 -0.6296 2
3.5682 -4.8434 0
9.8508 -0.3206 2
6.3002 -5.7763 0
9.7138 -0.3304 2
0.6951 4.4015 3
5.2081 10.0539 1
9.9562 -1.8219 2
3.6740 5.4050 3
1.2352 6.3003 3
5.4717 -6.3502 0
9.4643 0.4109 2
5.5818 8.9382 1
8.9056 -0.7601 2
10.6769 0.7345 2
4.3265 4.3523 3
6.9699 -6.7162 0
11.1660 0.6560 2
7.6977 7.9278 1
2.8448 5.4315 3
5.4467 8.8710 1
1.6577 6.2691 3
6.4480 8.9839 1
1.2971 3.2064 3
5.0167 -6.5806 0
3.3361 5.9095 3
7.8845 -0.7954 2
5.1333 8.0375 1
2.9421 -4.7438 0
2.2435 6.4269 3
4.6580 8.9906 1
2.4748 5.9721 3
7.3296 -2.4436 2
3.6082 -3.8521 0
6.8231 -4.9919 0
1.8635 4.9391 3
2.9316 6.5368 3
-0.0433 6.0828 3
5.9013 9.4443 1
9.6675 -0.1373 2
10.0058 0.0342 2
10.3953 -1.6745 2
1.6351 6.1534 3
6.3450 -6.6409 0
11.2263 -1.4707 2
9.7379 0.5135 2
11.1908 1.8028 2
1.3802 5.0279 3
1.2834 5.5591 3
11.3009 0.9125 2
8.0580 -0.8084 2
5.3216 -4.5382 0
6.3772 9.6738 1
6.7331 -6.3253 0
4.4382 5.3230 3
10.1250 -0.9063 2
6.5929 -6.0669 0
1.8956 6.1409 3
2.6350 7.4635 3
5.6910 11.1908 1
6.4966 -5.7843 0
6.9689 9.8002 1
5.1813 -4.7650 0
1.4798 5.4063 3
9.1489 -0.8556 2
9.7409 -0.5171 2
6.6064 -5.7022 0
11.4301 -1.6382 2
6.4420 8.5773 1
4.3390 5.2814 3
7.9273 11.4826 1
1.8625 6.9700 3
2.6403 6.8553 3
6.7056 9.2412 1
6.2178 -6.6757 0
6.5046 9.7966 1
4.9168 -4.9571 0
9.5902 -1.3928 2
9.6949 -0.6737 2
3.3004 6.8700 3
8.3326 -1.4962 2
5.4477 -6.7718 0
0.2677 4.3600 3
10.7243 -0.9419 2
7.9256 7.3562 1
2.4797 6.7320 3
2.1098 5.9528 3
6.2602 -5.2441 0
9.8959 0.6859 2
5.8817 8.4646 1
9.2409 -1.1203 2
9.1226 -1.2628 2
10.8878 -0.7223 2
10.3509 -0.8366 2
6.4245 -1.0673 2
11.4170 -2.3903 2
1.6403 5.2306 3
9.6349 1.8951 2
5.7195 9.0944 1
4.9446 -3.8915 0
5.7741 9.1730 1
4.7827 -5.8048 0
-0.0696 6.0064 3
2.8292 5.2307 3
4.6922 -4.6056 0
2.8078 3.8662 3
6.1798 -4.4109 0
9.6647 -1.6995 2
7.2831 8.6993 1
8.6660 -0.4741 2
1.2997 5.2445 3
2.2562 4.1338 3
4.0031 -5.9082 0
6.9427 7.2454 1
7.3293 9.3788 1
9.8628 -2.3000 2
5.9230 -5.4333 0
7.0721 10.0675 1
6.4351 8.5983 1
6.2889 9.6053 1
6.3859 -6.1654 0
9.2687 8.3498 1
-0.0851 5.8274 3
2.8114 5.5621 3
7.7534 -4.4875 0
10.1718 -1.7734 2
6.1620 8.1381 1
2.5080 4.7689 3
7.3096 10.1142 1
9.2519 -1.5212 2
5.8062 -6.9221 0
10.1094 -3.1411 2
3.8212 6.9609 3
5.9416 -6.2651 0
4.8330 -4.6869 0
4.0723 3.8878 3
7.2097 8.5049 1
9.8518 -1.3704 2
1.2802 5.9799 3
6.9044 -3.2340 0
5.4764 8.0847 1
3.2238 4.4984 3
5.9692 -5.8675 0
5.0686 7.8504 1
4.0828 4.7525 3
8.1430 -0.6994 2
9.7159 -1.1192 2
2.6391 6.2801 3
5.6311 9.4020 1
2.8357 6.2645 3
5.6172 9.9066 1
2.6239 5.8249 3
6.0187 10.1978 1
6.0358 9.1966 1
10.1268 -0.5952 2
3.5937 4.9704 3
6.6952 10.1013 1
1.0860 6.3604 3
5.9028 -5.5878 0
1.3573 4.8982 3
6.0400 8.4478 1
8.0442 -1.2769 2
0.9620 5.5420 3
1.9752 6.7144 3
8.8732 -2.5324 2
5.5234 -6.1306 0
6.5096 7.7080 1
4.7854 -4.5200 0
7.4063 -4.9211 0
10.4073 -0.5298 2
5.6086 10.9859 1
6.6092 7.5638 1
1.6889 6.6802 3
3.0646 5.6149 3
2.0026 5.8046 3
6.0072 -5.5819 0
8.7938 -1.8547 2
1.7053 5.0985 3
9.4624 -0.8109 2
0.7459 6.7799 3
7.2849 7.7597 1
9.6639 -1.4271 2
2.0732 4.6311 3
6.1590 -4.7373 0
2.6761 3.8350 3
6.9724 9.7146 1
2.6170 5.0980 3
10.0227 2.2691 2
8.4849 0.0057 2
5.0453 -5.3402 0
6.8983 -5.5565 0
8.5838 -1.9788 2
7.1387 -6.1702 0
9.4212 -0.7906 2
4.5852 11.0845 1
0.2971 5.9541 3
6.3078 8.5886 1
5.5292 -4.5871 0
6.3550 -6.2185 0
8.1082 -0.3828 2
1.0192 6.9168 3
0.8181 6.8349 3
1.7633 5.3578 3
2.1636 6.6485 3
1.8446 4.1548 3
9.7214 0.3022 2
6.0449 -3.3564 0
8.2981 -1.2346 2
6.9369 9.8432 1
5.3716 10.1279 1
5.4366 -3.9859 0
5.3027 -7.0557 0
3.6905 -5.5944 0
9.9755 -0.6987 2
1.4302 5.2365 3
6.7813 9.2313 1
5.6593 10.1049 1
3.6499 -5.8454 0
5.8199 10.5827 1
1.8471 6.8326 3
5.1433 -2.9434 0
1.0514 7.2192 3
9.9667 -2.8234 2
3.3712 -5.5828 0
4.9364 -5.9280 0
4.2274 -5.4655 0
9.9845 1.0826 2
8.6140 -1.0714 2
5.9338 10.5201 1
9.7301 -1.3138 2
5.9139 9.8599 1
6.0043 -5.1316 0
4.4580 -6.8063 0
2.7745 4.4060 3
6.2700 8.1910 1
5.3982 -6.7127 0
7.3959 -6.4838 0
6.2641 -4.4767 0
5.1125 -4.2939 0
6.0354 -4.9411 0
2.0942 5.1509 3
0.2634 5.8567 3
7.7153 -5.2973 0
2.8180 5.8513 3
9.5390 -1.6520 2
6.9380 8.6341 1
2.3148 5.0628 3
3.3805 6.4414 3
7.5555 9.1488 1
9.0994 -1.2807 2
5.9591 -4.4462 0
10.7182 -0.7880 2
0.9924 3.9744 3
8.4284 -2.7164 2
5.4059 10.3316 1
8.3703 9.3654 1
9.2056 -1.4370 2
4.7912 -4.5824 0
6.3746 8.7634 1
6.5529 -6.6149 0
9.2906 -0.9730 2
7.7134 9.9355 1
5.9766 10.3193 1
7.7318 11.1686 1
7.5180 -4.9003 0
6.2373 -5.1720 0
5.8073 -6.0186 0
5.4165 -7.0495 0
8.2005 -0.5599 2
6.3690 -6.4346 0
7.0251 9.6876 1
5.6250 -5.4606 0
7.3780 -1.6038 2
8.5488 9.3459 1
7.1053 -0.7722 2
5.2169 9.2148 1
1.9197 5.2832 3
4.8906 9.5567 1
5.7972 -5.9683 0
10.7005 -2.2424 2
1.3759 5.6060 3
8.0574 -4.4111 0
6.0127 -4.3640 0
5.1464 -5.9175 0
6.2565 9.2630 1
3.0480 6.1887 3
8.5876 -1.2365 2
6.2469 9.7700 1
4.5262 -4.8254 0
10.4203 0.3901 2
4.0087 6.1544 3
9.6401 -0.5175 2
2.9759 6.3569 3
4.9790 -4.3515 0
6.4330 -4.3093 0
3.3862 5.6393 3
6.7643 10.2285 1
9.3001 -0.7415 2
5.7830 8.7548 1
5.1724 -4.6666 0
5.9823 -5.0202 0
7.2416 9.1122 1
7.4871 10.8018 1
10.1876 -0.5766 2
8.5993 9.5622 1
6.0646 -4.1341 0
9.3140 -1.7040 2
5.9627 -6.1170 0
5.2129 -4.1593 0
10.2241 -0.9673 2
8.3050 -0.8542 2
6.3072 -5.8065 0
5.6626 7.3040 1
2.9408 4.7167 3
1.6615 5.2702 3
6.2761 8.9611 1
5.8557 -5.1804 0
9.7454 -0.4727 2
2.5541 4.5334 3
2.8135 6.8230 3
5.6970 9.9172 1
7.2597 -5.6240 0
8.7537 -1.6808 2
6.0318 -4.6050 0
8.2830 -0.8797 2
4.2095 6.9349 3
8.5526 -1.7852 2
4.7395 -4.7147 0
2.1348 3.6444 3
9.1271 0.2512 2
11.0644 -0.3709 2
2.5422 4.6318 3
6.8809 8.0313 1
6.2818 6.5375 1
7.2469 11.0254 1
6.3660 7.4743 1
2.4521 5.5384 3
9.7616 -0.2813 2
7.7699 -5.6913 0
5.9717 -3.0703 0
4.5179 5.1040 3
5.2709 -4.5202 0
9.8974 -0.7593 2
6.1543 10.6935 1
4.3067 -4.9320 0
9.4002 -0.5027 2
4.5891 -4.6186 0
6.5001 -4.1137 0
2.1691 7.4790 3
5.7077 9.5522 1
3.4455 3.2232 3
8.2017 9.0033 1
8.7073 -1.6120 2
0.7355 5.8262 3
6.6575 10.8185 1
3.8915 -4.0583 0
2.8999 4.7613 3
3.6993 6.1677 3
6.3199 -3.5785 0
0.8805 5.8486 3
8.1248 -0.7510 2
5.9308 -6.0199 0
2.9223 4.8645 3
10.3462 -0.0964 2
7.6182 10.3141 1
5.7027 -3.8032 0
6.8564 9.0402 1
5.1500 -4.5398 0
1.0171 5.0927 3
5.9723 9.1252 1
4.3826 9.2862 1
8.6397 -1.3000 2
2.2387 4.7603 3
2.5307 5.2757 3
1.5889 5.1123 3
7.1295 11.4233 1
2.6644 5.9675 3
1.8899 5.1079 3
9.4625 0.4862 2
4.5914 -5.9505 0
6.7569 11.5171 1
6.9087 10.1886 1
6.9260 9.7077 1
6.8481 -7.6139 0
5.8514 9.1041 1
6.8229 -5.1508 0
5.6082 9.2896 1
9.0485 0.1815 2
9.3454 -2.6027 2
6.3398 9.4286 1
9.2401 1.0323 2
5.6256 8.9341 1
6.5357 -5.6149 0
5.4097 -5.7647 0
1.7379 6.2884 3
9.4833 -1.9687 2
9.7826 0.3251 2
3.4914 6.9209 3
5.7712 8.7414 1
9.7309 -1.3289 2
9.5069 -0.8066 2
9.4427 -1.2645 2
9.6018 -1.1478 2
5.1447 -5.6940 0
5.0561 -4.3107 0
5.4536 8.8877 1
6.2858 10.1184 1
11.0804 -0.9332 2
4.2664 -3.8812 0
9.2904 -2.5249 2
4.9624 -4.3757 0
10.0053 -0.7104 2
6.9869 8.6457 1
11.2306 -2.4687 2
11.6705 -0.8789 2
9.9148 -1.2608 2
5.7554 8.7853 1
2.2647 5.6084 3
0.9529 3.9922 3
4.5179 9.5915 1
1.7578 5.1104 3
9.1486 -0.0787 2
8.5066 8.2771 1
4.3812 8.3795 1
4.8671 -3.5908 0
8.1137 -0.3953 2
6.5756 8.2561 1
5.3037 -5.4455 0
2.7147 4.0702 3
6.8892 -4.0000 0
5.0322 10.6739 1
5.7061 8.3301 1
8.6287 -0.7066 2
2.3183 5.7970 3
0.9437 5.0415 3
2.8685 5.7273 3
10.0314 -2.0802 2
5.8166 -4.8527 0
6.3559 8.9922 1
2.2034 3.7682 3
5.8236 -4.8823 0
10.4699 0.1872 2
7.8558 -0.7588 2
6.4654 -5.1079 0
7.7757 -5.4312 0
8.2078 -2.8284 2
9.6102 -0.8058 2
8.2426 -0.2257 2
4.2287 5.7341 3
6.5587 9.0052 1
1.2307 5.4215 3
7.4478 8.9675 1
2.5278 6.1740 3
7.3095 9.6474 1
2.3646 5.3158 3
1.8866 6.5882 3
9.4813 -0.9268 2
9.2085 0.0452 2
6.9042 -4.3880 0
9.7282 -0.1568 2
6.7317 8.9510 1
5.9212 -3.6187 0
6.9913 9.3388 1
4.1399 -5.1224 0
7.0642 10.5825 1
9.5312 -1.6303 2
2.7451 5.2773 3
11.0894 -2.8448 2
3.3195 -4.7819 0
2.6963 6.4929 3
6.8579 -5.6721 0
10.2673 -1.0979 2
0.4999 4.2985 3
6.2641 10.4447 1
10.5413 2.9061 2
6.3088 -6.0091 0
6.9778 9.4765 1
6.8439 8.0142 1
10.1362 -1.4299 2
2.4415 5.1298 3
0.8182 5.8363 3
2.7425 5.3093 3
11.0326 0.5970 2
6.8292 -4.7882 0
1.8016 5.7184 3
5.9401 -6.6245 0
8.4075 -1.0388 2
2.0907 6.4308 3
5.6961 8.7644 1
2.4880 5.6821 3
1.6938 5.0613 3
6.7210 10.7878 1
6.2833 -3.7536 0
7.8118 9.2964 1
8.3531 -2.5802 2
8.6357 -1.0808 2
9.8679 0.0285 2
4.6666 9.0620 1
9.3275 -2.7984 2
7.1181 -3.9171 0
5.9206 9.9590 1
5.2886 8.8961 1
6.1576 -4.6752 0
2.0152 6.8903 3
3.3787 3.9911 3
4.6257 -6.0238 0
5.8655 -5.6505 0
10.2107 0.1250 2
5.8844 -3.9697 0
8.3280 10.0070 1
11.2625 -1.5727 2
5.8836 8.3487 1
1.6769 5.8497 3
3.6767 6.5089 3
5.4227 10.3201 1
8.7826 -1.2639 2
9.7556 -0.0617 2
10.4310 -0.3281 2
7.0668 8.8718 1
5.6091 11.3231 1
6.7787 8.4826 1
4.7563 -4.9134 0
6.6541 -2.4480 0
6.7778 9.5229 1
6.6238 -7.5296 0
6.0408 -6.0418 0
10.6986 -1.2255 2
4.4959 -5.4553 0
10.1680 -1.1119 2
