9.9543 -0.0918 2
5.4965 -4.6845 0
7.1251 -1.3468 2
2.1983 4.7905 3
5.7390 -5.9002 0
3.5013 5.5512 3
6.9044 -3.2340 0
6.8844 -5.9067 0
8.0408 0.2737 2
6.2213 8.3826 1
9.1679 -0.7810 2
1.5852 6.3064 3
10.1129 -0.1085 2
9.0672 -2.4820 2
5.6031 8.6544 1
7.2329 10.3907 1
4.8330 -4.6869 0
10.6470 -2.3925 2
1.2070 6.3154 3
2.5459 5.4653 3
8.3578 1.0519 2
6.7139 8.6396 1
9.1196 1.1612 2
7.2478 9.0625 1
2.1757 5.3510 3
6.8942 8.4472 1
9.1028 -0.0872 2
1.7765 7.0523 3
5.9390 9.6070 1
6.5586 9.0749 1
5.6814 -3.0988 0
6.3339 8.0781 1
5.1696 -5.7795 0
8.9185 -2.8634 2
10.4151 -2.8589 2
10.8787 -0.9797 2
7.7312 -0.9130 2
4.6257 -6.0238 0
1.5617 6.7231 3
0.5313 5.7860 3
3.0433 6.0338 3
5.7715 -4.7348 0
4.5699 -4.0585 0
6.8862 8.5504 1
7.5798 9.3196 1
4.8213 9.1932 1
6.3200 -5.0414 0
8.3964 -1.2394 2
10.1107 0.1151 2
6.1939 -3.1955 0
7.2403 8.5551 1
3.2334 3.9764 3
4.9331 -5.7029 0
10.0606 -2.3245 2
6.9533 -6.8643 0
2.3824 5.3455 3
5.9876 10.2534 1
9.3488 -2.0100 2
5.2319 -5.6193 0
4.5738 -5.2516 0
5.9136 -5.7611 0
2.9718 4.1188 3
7.2291 8.6524 1
5.9504 10.1834 1
2.9810 6.6578 3
3.4560 5.9715 3
1.1549 5.7163 3
3.6087 -4.4183 0
7.1989 8.3683 1
4.4335 -5.5958 0
5.6411 8.7985 1
5.4088 -5.0113 0
2.8602 8.0002 3
7.7546 9.5722 1
6.5664 6.9951 1
1.5362 4.3403 3
6.1169 -5.4925 0
2.1165 6.2492 3
8.7200 -0.3559 2
0.5805 5.2885 3
1.6232 4.5535 3
4.6427 -5.9953 0
5.2625 9.6836 1
1.9866 6.0983 3
6.4678 -4.9318 0
5.4186 12.7161 1
10.1079 -1.1557 2
5.2382 9.6322 1
5.9772 8.6287 1
2.6158 6.2694 3
3.6299 -6.0066 0
2.3215 5.5304 3
8.5479 -0.2283 2
6.1804 9.3564 1
2.3295 6.9566 3
6.8456 8.8768 1
9.2615 -0.2587 2
1.2182 4.8092 3
6.9042 -4.3880 0
3.8980 6.2884 3
5.9322 9.0735 1
5.4686 8.7880 1
3.6174 4.9310 3
4.6671 9.3707 1
9.7196 -0.0526 2
5.1169 -4.7013 0
5.0309 -5.7305 0
3.2178 4.1916 3
6.1603 -5.2759 0
7.6217 -0.3291 2
9.2582 0.6356 2
6.0441 10.2702 1
5.9077 8.4733 1
0.4423 6.0810 3
6.7772 8.9253 1
6.6405 9.5928 1
9.4336 -0.8233 2
9.3639 -1.2929 2
6.0072 -5.5819 0
9.9774 -2.2079 2
2.1502 4.6291 3
10.3099 -0.5212 2
6.9361 8.8207 1
9.8022 -0.4575 2
5.9028 -5.5878 0
7.4785 8.6712 1
9.3348 0.1698 2
2.8894 4.5281 3
9.8928 -2.7430 2
1.5029 5.6211 3
4.6999 -4.7835 0
0.7983 5.7431 3
2.3373 5.7148 3
1.6470 5.4394 3
9.2962 -2.3945 2
2.0186 4.4358 3
8.9866 -0.5305 2
5.3216 -4.5382 0
2.5341 4.6192 3
4.7651 -6.5108 0
6.9563 0.3733 2
-1.0296 5.9883 3
1.9892 5.9944 3
5.2368 -4.1108 0
8.0379 -0.8043 2
7.3774 7.7759 1
3.1272 5.9031 3
1.8572 5.3991 3
3.3669 -4.5272 0
8.9430 -0.1591 2
